Time	S1_A	S1_B	S2_A	S2_B	S3_A	S3_B	S4_A	S4_B
0,00	206	141	266	233	176	101	277	105
0,03	206	141	266	233	176	101	277	106
0,06	206	141	266	233	176	101	277	106
0,10	206	141	266	233	176	101	277	106
0,13	207	141	266	233	176	101	277	106
0,16	207	141	266	233	176	101	277	106
0,19	207	141	266	233	176	101	277	106
0,23	207	141	266	233	176	101	277	106
0,26	207	141	266	233	176	101	277	106
0,29	207	141	266	233	176	101	277	106
0,32	207	141	266	233	176	101	277	106
0,35	207	141	266	233	176	101	277	106
0,39	207	141	266	233	176	101	277	106
0,42	207	141	266	233	176	101	277	106
0,45	207	141	266	233	176	101	277	106
0,48	207	141	266	233	176	101	277	106
0,52	207	141	266	233	176	101	277	106
0,55	207	141	266	233	176	101	277	106
0,58	207	141	266	233	176	101	277	106
0,61	207	141	266	233	176	101	277	106
0,65	207	141	266	233	176	101	277	106
0,68	207	141	266	233	176	101	277	106
0,71	207	141	266	233	176	101	278	106
0,74	207	141	266	233	176	101	278	106
0,77	207	141	266	233	176	101	278	106
0,81	207	141	266	233	176	101	278	106
0,84	207	141	266	233	176	101	278	106
0,87	207	141	266	233	176	101	278	106
0,90	207	142	266	233	176	101	278	106
0,94	207	142	266	233	177	101	278	106
0,97	207	142	266	233	177	101	278	106
1,00	207	142	266	233	177	101	278	106
1,01	207	142	266	233	177	101	278	106
1,03	207	142	266	233	177	101	278	106
1,04	207	142	266	233	177	101	278	106
1,06	207	142	266	233	177	101	278	106
1,07	207	141	266	233	177	101	278	106
1,09	207	141	266	233	177	101	278	106
1,10	207	141	266	233	177	101	278	106
1,12	207	141	266	233	177	101	278	106
1,13	207	141	266	233	177	101	278	106
1,15	207	141	266	233	177	101	278	106
1,16	207	141	266	233	177	101	278	106
1,18	207	141	266	233	177	101	278	106
1,19	207	141	266	233	177	101	278	106
1,21	207	141	266	233	177	101	278	106
1,22	208	141	266	233	177	101	278	106
1,24	208	141	266	233	177	101	278	106
1,25	208	141	266	233	177	101	278	106
1,26	208	141	266	233	177	102	278	106
1,28	208	141	266	233	177	102	278	106
1,29	208	141	266	233	177	102	278	106
1,31	208	141	266	233	177	102	278	106
1,32	208	142	266	233	177	102	278	106
1,34	208	142	266	233	177	102	278	106
1,35	208	142	266	233	177	102	278	106
1,37	208	142	266	233	177	102	278	106
1,38	208	142	266	233	177	101	278	106
1,40	208	142	266	233	177	101	278	106
1,41	208	142	266	233	177	101	278	106
1,43	208	142	266	233	177	101	278	106
1,44	208	142	266	233	177	101	278	106
1,46	208	142	266	233	177	101	278	106
1,47	207	142	266	233	177	101	278	106
1,49	207	142	266	233	177	102	278	106
1,50	207	142	266	233	177	102	278	106
1,51	207	142	266	233	177	102	278	106
1,53	207	142	266	233	177	102	278	106
1,54	207	142	266	233	177	102	278	106
1,56	207	142	266	233	177	102	278	106
1,57	207	141	266	233	177	102	278	106
1,59	208	141	266	233	177	102	278	106
1,60	208	141	266	233	177	101	278	106
1,62	208	141	266	233	177	101	278	106
1,63	208	141	266	233	177	101	278	106
1,65	208	141	266	233	176	101	278	106
1,66	208	141	266	233	176	101	278	106
1,68	208	141	266	233	176	101	278	106
1,69	208	141	266	233	176	101	278	105
1,71	207	141	266	233	176	101	278	105
1,72	207	141	266	233	176	101	278	105
1,74	207	141	266	233	176	101	278	105
1,75	207	141	266	233	176	101	278	105
1,76	207	141	266	233	176	101	278	105
1,78	207	141	266	233	176	101	278	105
1,79	207	141	266	233	176	101	278	105
1,81	207	141	266	233	176	101	277	106
1,82	207	141	266	233	176	101	277	106
1,84	207	141	266	233	176	101	277	106
1,85	207	141	266	233	176	101	277	106
1,87	207	141	266	233	176	101	277	106
1,88	207	141	266	233	176	101	277	106
1,90	207	141	266	233	176	101	277	106
1,91	207	141	266	233	176	101	277	106
1,93	207	141	266	233	176	101	277	106
1,94	207	140	266	233	176	101	277	106
1,96	207	140	266	233	176	101	277	106
1,97	207	140	266	233	176	101	277	106
1,99	207	140	266	233	176	101	277	106
2,00	207	140	266	233	176	101	277	106
2,01	207	140	266	233	176	101	277	106
2,03	207	140	266	233	176	101	277	106
2,04	207	140	266	233	176	101	277	106
2,06	207	140	266	233	176	101	277	106
2,07	207	140	266	233	176	101	277	106
2,09	195	140	266	233	176	101	277	106
2,10	195	140	266	233	176	101	277	106
2,12	195	140	266	233	176	101	277	106
2,13	195	140	266	233	176	101	277	106
2,15	195	140	266	233	176	101	277	106
2,16	195	140	266	233	176	101	277	106
2,18	195	140	266	233	176	101	277	106
2,19	195	107	266	233	176	101	277	105
2,21	71	107	266	230	176	101	277	105
2,22	71	107	222	230	176	101	277	105
2,24	71	107	222	230	176	101	276	105
2,25	71	107	222	230	176	101	276	105
2,26	71	107	222	230	176	101	276	105
2,28	71	107	222	230	176	101	276	105
2,29	71	107	222	230	176	101	276	105
2,31	71	56	222	230	176	101	276	105
2,32	71	56	222	230	172	101	276	105
2,34	128	56	222	132	172	101	252	105
2,35	128	56	105	132	172	101	252	105
2,37	128	56	105	132	172	101	252	105
2,38	128	56	105	132	172	100	252	105
2,40	128	56	105	132	172	100	252	105
2,41	128	56	105	132	172	100	252	105
2,43	128	56	105	132	172	100	252	105
2,44	128	80	105	132	59	100	156	103
2,46	203	80	105	133	59	100	156	103
2,47	203	80	221	133	59	100	156	103
2,49	203	80	221	133	59	100	156	103
2,50	203	80	221	133	59	79	156	103
2,51	203	80	221	133	59	79	156	103
2,53	203	80	221	133	59	79	156	103
2,54	203	80	221	133	59	79	90	103
2,56	203	109	221	133	67	79	90	91
2,57	206	109	221	188	67	79	90	91
2,59	206	109	265	188	67	79	90	91
2,60	206	109	265	188	67	33	90	91
2,62	206	109	265	188	67	33	90	91
2,63	206	109	265	188	67	33	90	91
2,65	206	109	265	188	67	33	162	91
2,66	206	109	265	188	152	33	162	91
2,68	206	109	265	188	152	33	162	91
2,69	206	140	265	212	152	33	162	39
2,71	207	140	265	212	152	33	162	39
2,72	207	140	265	212	152	46	162	39
2,74	207	140	265	212	152	46	162	39
2,75	207	140	265	212	152	46	252	39
2,76	207	140	265	212	152	46	252	39
2,78	207	140	265	212	174	46	252	39
2,79	207	140	265	212	174	46	252	39
2,81	207	141	265	230	174	46	252	43
2,82	207	141	266	230	174	91	252	43
2,84	207	141	266	230	174	91	252	43
2,85	207	141	266	230	174	91	276	43
2,87	207	141	266	230	174	91	276	43
2,88	207	141	266	230	174	91	276	43
2,90	207	141	266	230	176	91	276	43
2,91	207	141	266	230	176	91	276	43
2,93	207	141	266	233	176	91	276	43
2,94	207	141	266	233	176	101	276	88
2,96	207	141	266	233	176	101	277	88
2,97	207	141	266	233	176	101	277	88
2,99	207	141	266	233	176	101	277	88
3,00	207	141	266	233	176	101	277	88
3,01	207	141	266	233	176	101	277	88
3,03	207	141	266	233	176	101	277	88
3,04	207	141	266	233	176	101	277	88
3,06	207	141	266	233	176	101	277	105
3,07	207	141	266	233	176	101	278	105
3,09	207	141	266	233	176	101	278	105
3,10	207	141	266	233	176	101	278	105
3,12	207	141	266	233	176	101	278	105
3,13	207	141	266	233	176	101	278	105
3,15	207	141	266	233	176	101	278	105
3,16	207	141	266	233	176	101	278	105
3,18	207	141	266	233	176	101	278	105
3,19	207	141	266	233	176	101	278	105
3,21	207	141	266	233	176	101	278	105
3,22	207	141	266	233	176	101	278	105
3,24	207	141	266	233	176	101	278	105
3,25	207	141	266	233	176	101	278	105
3,26	207	141	266	233	176	101	278	105
3,28	207	141	266	232	176	101	277	105
3,29	207	141	266	232	176	101	277	105
3,31	207	141	266	232	176	101	277	105
3,32	207	141	266	232	176	101	277	105
3,34	207	141	266	232	176	101	277	105
3,35	207	141	266	232	176	101	277	105
3,37	207	141	266	232	176	101	277	105
3,38	207	141	266	232	176	101	277	105
3,40	207	141	266	232	176	101	277	105
3,41	207	141	266	233	176	101	277	105
3,43	207	141	266	233	176	101	277	105
3,44	207	141	266	233	176	101	277	105
3,46	207	141	266	233	176	101	277	105
3,47	207	141	266	233	176	101	277	105
3,49	207	141	266	233	176	101	277	105
3,50	207	141	266	233	176	101	277	105
3,51	207	141	266	233	176	101	277	105
3,53	207	141	266	233	176	101	277	105
3,54	207	141	266	233	176	101	277	105
3,56	207	141	266	233	176	101	277	105
3,57	207	141	266	233	176	101	277	105
3,59	207	141	266	233	176	101	278	105
3,60	207	141	266	233	176	101	278	105
3,62	207	141	266	233	176	101	278	105
3,63	207	141	266	233	176	101	278	105
3,65	207	141	266	232	176	101	278	105
3,66	207	141	266	232	176	101	278	105
3,68	207	141	266	232	176	101	278	105
3,69	207	141	266	232	176	101	277	105
3,71	207	141	266	232	176	101	277	105
3,72	207	141	266	232	176	101	277	105
3,74	207	141	266	232	176	101	277	105
3,75	207	141	266	232	176	101	277	105
3,76	207	141	266	232	176	101	277	105
3,78	207	141	266	232	176	101	277	105
3,79	207	141	266	232	176	101	278	105
3,81	207	141	266	232	176	101	278	105
3,82	207	141	266	232	176	101	278	105
3,84	207	141	266	232	176	101	278	105
3,85	207	141	266	232	176	101	278	105
3,87	207	141	266	232	176	101	278	105
3,88	207	141	266	233	176	101	278	105
3,90	207	141	266	233	176	101	278	105
3,91	207	141	266	233	176	101	278	105
3,93	207	141	266	233	176	101	278	105
3,94	207	141	266	233	176	101	278	105
3,96	207	141	266	233	176	101	278	105
3,97	207	141	266	233	176	101	278	105
3,99	207	141	266	233	176	101	278	105
4,00	207	141	266	233	176	101	278	105
4,01	207	141	266	233	176	101	278	105
4,03	207	141	266	233	176	101	278	105
4,04	207	141	266	233	176	101	278	105
4,06	207	141	266	233	176	101	278	104
4,07	207	141	266	233	176	101	278	104
4,09	207	141	266	233	176	101	278	104
4,10	207	141	266	233	176	101	278	104
4,12	207	141	266	233	176	101	277	104
4,13	207	141	266	233	176	101	277	104
4,15	207	141	266	233	176	101	277	104
4,16	207	141	266	233	176	101	277	104
4,18	207	141	266	233	176	101	277	104
4,19	207	141	266	233	176	101	277	71
4,21	207	141	266	233	176	101	277	71
4,22	207	141	266	233	176	101	273	71
4,24	207	141	266	233	176	101	273	71
4,25	207	141	266	233	176	101	273	71
4,26	207	141	266	233	175	101	273	71
4,28	207	141	266	233	175	88	273	71
4,29	207	141	266	233	175	88	273	71
4,31	207	141	266	233	175	88	273	32
4,32	207	141	266	233	175	88	230	32
4,34	207	141	266	233	175	88	230	32
4,35	207	141	266	231	175	88	230	32
4,37	207	141	266	231	168	88	230	32
4,38	207	141	266	231	168	41	230	32
4,40	207	141	266	231	168	41	230	32
4,41	207	141	266	231	168	41	230	32
4,43	207	141	266	231	168	41	71	32
4,44	207	141	266	231	168	41	71	48
4,46	207	141	266	231	168	41	71	48
4,47	207	141	266	231	168	41	71	48
4,49	207	141	266	218	98	41	71	48
4,50	207	141	265	218	98	17	71	48
4,51	207	141	265	218	98	17	71	48
4,53	207	141	265	218	98	17	90	48
4,54	207	136	265	218	98	17	90	48
4,56	207	136	265	218	98	17	90	102
4,57	207	136	265	218	98	17	90	102
4,59	207	136	265	218	98	17	90	102
4,60	207	136	265	174	29	17	90	102
4,62	207	136	243	174	29	68	90	102
4,63	207	136	243	174	29	68	216	102
4,65	207	136	243	174	29	68	216	102
4,66	207	136	243	174	29	68	216	102
4,68	207	102	243	174	29	68	216	105
4,69	205	102	243	174	29	68	216	105
4,71	205	102	243	174	118	68	216	105
4,72	205	102	243	55	118	99	216	105
4,74	205	102	101	55	118	99	216	105
4,75	205	102	101	55	118	99	256	105
4,76	205	102	101	55	118	99	256	105
4,78	205	102	101	55	118	99	256	105
4,79	205	66	101	55	118	99	256	105
4,81	177	66	101	55	118	99	256	105
4,82	177	66	101	55	173	99	256	105
4,84	177	66	101	142	173	101	256	105
4,85	177	66	113	142	173	101	274	105
4,87	177	66	113	142	173	101	274	105
4,88	177	66	113	142	173	101	274	105
4,90	177	66	113	142	173	101	274	105
4,91	177	66	113	142	173	101	274	105
4,93	177	40	113	142	173	101	274	105
4,94	53	40	113	142	175	102	274	105
4,96	53	40	113	232	175	102	277	105
4,97	53	40	264	232	175	102	277	105
4,99	53	40	264	232	175	102	277	105
5,00	53	40	264	232	175	102	277	105
5,01	53	40	264	232	175	102	277	105
5,03	53	40	264	232	175	102	277	105
5,04	53	116	264	232	175	102	277	105
5,06	163	116	264	232	175	103	277	105
5,07	163	116	264	233	175	103	277	105
5,09	163	116	266	233	175	103	277	105
5,10	163	116	266	233	175	103	277	105
5,12	163	116	266	233	175	103	277	105
5,13	163	116	266	233	175	103	277	105
5,14	163	116	266	233	175	103	277	105
5,16	163	116	266	233	175	102	278	105
5,17	163	141	266	233	175	102	278	105
5,19	207	141	266	233	175	102	278	105
5,20	207	141	266	233	175	102	278	105
5,22	207	141	266	233	175	102	278	105
5,23	207	141	266	233	175	102	278	105
5,25	207	141	266	233	175	102	278	105
5,26	207	141	266	233	175	102	278	105
5,28	207	141	266	233	175	102	278	105
5,29	207	141	266	233	175	102	278	105
5,30	208	141	266	233	175	102	278	106
5,32	208	141	266	233	175	102	278	106
5,33	208	141	266	233	175	102	278	106
5,35	208	141	266	233	175	102	278	106
5,36	208	141	266	233	175	102	278	106
5,38	208	141	266	233	175	102	278	106
5,39	208	141	266	233	175	102	278	106
5,41	208	141	266	233	175	102	278	106
5,42	208	142	266	233	175	102	278	106
5,43	208	142	266	233	175	102	278	106
5,45	208	142	266	233	175	102	278	106
5,46	208	142	266	233	175	102	278	106
5,48	208	142	266	233	175	102	278	106
5,49	208	142	266	233	175	102	278	106
5,51	208	142	266	233	175	102	278	106
5,52	208	142	266	233	175	102	278	106
5,54	208	141	266	233	175	102	278	106
5,55	208	141	266	233	175	102	278	106
5,57	208	141	266	233	175	102	278	106
5,58	208	141	266	233	175	102	278	106
5,59	208	141	266	233	175	102	278	106
5,61	208	141	266	233	175	102	278	106
5,62	208	141	266	233	175	102	278	106
5,64	208	141	266	233	175	102	278	106
5,65	208	140	266	233	175	102	278	106
5,67	208	140	266	233	175	102	278	106
5,68	207	140	266	233	175	102	278	106
5,70	207	140	266	233	175	102	278	106
5,71	207	140	266	233	175	102	278	106
5,72	207	140	266	233	175	102	278	106
5,74	207	140	266	233	175	102	278	106
5,75	207	140	266	233	175	102	278	106
5,77	207	140	266	233	175	102	278	106
5,78	207	137	266	232	175	102	278	106
5,80	207	137	266	232	175	102	278	105
5,81	207	137	266	232	175	102	278	105
5,83	207	137	266	232	175	102	278	105
5,84	207	137	266	232	174	102	278	105
5,86	207	137	266	232	174	102	278	105
5,87	207	137	266	232	174	102	278	105
5,88	207	137	266	232	174	102	277	105
5,90	207	136	266	230	174	102	277	105
5,91	207	136	266	230	174	102	277	106
5,93	207	136	266	230	174	102	277	106
5,94	207	136	266	230	174	102	277	106
5,96	207	136	266	230	174	102	277	106
5,97	207	136	266	230	174	102	277	106
5,99	207	136	266	230	174	102	277	106
6,00	207	136	266	230	174	102	277	106
6,01	207	136	266	229	174	102	277	106
6,03	207	134	266	229	174	102	277	106
6,04	207	134	266	229	174	102	277	105
6,06	207	134	266	229	174	102	277	105
6,07	207	134	266	229	174	102	277	105
6,09	207	134	266	229	174	102	277	105
6,10	207	134	266	229	174	102	277	105
6,12	207	134	266	229	174	102	277	105
6,13	207	134	266	229	174	102	277	105
6,15	207	134	266	229	174	102	277	105
6,16	207	134	266	229	174	102	277	105
6,18	207	134	266	229	174	102	277	105
6,19	207	134	266	229	174	102	277	105
6,21	207	134	266	229	174	102	277	105
6,22	207	134	266	229	174	102	277	105
6,24	207	134	266	229	174	102	277	105
6,25	207	134	266	230	174	102	277	105
6,26	207	134	266	230	174	102	277	105
6,28	207	134	266	230	174	102	277	105
6,29	207	134	266	230	174	102	277	105
6,31	207	134	266	230	174	102	277	105
6,32	207	134	266	230	174	102	277	105
6,34	207	134	266	230	174	102	277	105
6,35	207	134	266	230	174	102	277	105
6,37	207	134	266	230	174	102	277	105
6,38	207	134	266	231	174	102	277	105
6,40	207	135	266	231	174	102	277	105
6,41	207	135	266	231	174	102	277	105
6,43	207	135	266	231	174	102	277	105
6,44	207	135	266	231	174	102	277	105
6,46	207	135	266	231	174	102	277	105
6,47	207	135	266	231	174	102	277	105
6,49	207	135	266	231	174	102	277	105
6,50	207	135	266	231	174	102	277	105
6,51	207	135	266	231	174	102	277	105
6,53	207	136	266	231	174	102	277	105
6,54	207	136	266	231	174	102	277	105
6,56	207	136	266	231	174	102	277	105
6,57	207	136	266	231	174	102	277	105
6,59	207	136	266	231	174	102	277	105
6,60	207	136	266	231	174	102	277	105
6,62	207	136	266	232	174	102	277	105
6,63	207	136	266	232	174	102	277	105
6,65	207	137	266	232	174	102	277	105
6,66	207	137	266	232	174	102	277	105
6,68	207	137	266	232	174	102	277	105
6,69	207	137	266	232	174	102	277	105
6,71	207	137	266	232	174	102	277	105
6,72	207	137	266	232	174	102	277	105
6,74	207	137	266	232	174	102	277	105
6,75	207	137	266	232	174	102	277	105
6,76	207	137	266	232	174	102	277	105
6,78	208	137	266	232	174	102	277	105
6,79	208	137	266	232	174	102	277	105
6,81	208	137	266	232	174	102	277	105
6,82	208	137	266	232	174	102	277	105
6,84	208	137	266	232	174	102	277	105
6,85	208	137	266	233	174	102	277	105
6,87	208	137	266	233	174	102	277	105
6,88	208	137	266	233	174	102	277	105
6,90	208	137	266	233	174	102	277	105
6,91	208	137	266	233	174	102	277	106
6,93	208	137	266	233	174	102	277	106
6,94	208	137	266	233	174	102	277	106
6,96	208	137	266	233	174	102	277	106
6,97	208	137	266	233	175	102	277	106
6,99	208	137	266	233	175	102	277	106
7,00	208	137	266	233	175	102	277	106
7,01	208	137	266	233	175	102	277	106
7,03	208	137	266	233	175	102	277	106
7,04	208	137	266	233	175	102	277	105
7,06	208	137	266	233	175	102	277	105
7,07	208	137	266	233	175	102	277	105
7,09	208	137	266	232	175	102	277	105
7,10	208	137	267	232	175	102	277	105
7,12	208	137	267	232	175	102	277	105
7,13	208	137	267	232	175	102	276	105
7,15	208	137	267	232	175	102	276	105
7,16	207	137	267	232	175	102	276	106
7,18	207	137	267	232	175	102	276	106
7,19	207	137	267	232	175	102	276	106
7,21	207	137	267	232	175	102	276	106
7,22	207	137	266	232	175	102	276	106
7,24	207	137	266	232	175	102	276	106
7,25	207	137	266	232	175	102	276	106
7,26	207	137	266	232	175	102	276	106
7,28	204	137	266	232	175	102	276	106
7,29	204	137	266	232	175	102	276	105
7,31	204	137	266	232	175	102	276	105
7,32	204	137	266	232	175	102	276	105
7,34	204	137	266	232	175	102	275	105
7,35	204	137	266	232	175	102	275	105
7,37	204	137	266	232	175	102	275	105
7,38	204	136	266	232	175	102	275	105
7,40	202	136	266	232	175	102	275	105
7,41	202	136	266	232	175	102	275	105
7,43	202	136	266	232	175	102	275	105
7,44	202	136	266	232	175	102	275	105
7,46	202	136	267	232	175	102	275	105
7,47	202	136	267	232	175	102	275	105
7,49	202	136	267	232	175	102	275	105
7,50	202	136	267	232	175	102	275	105
7,51	202	136	267	232	175	102	275	105
7,53	202	136	267	232	175	102	275	105
7,54	202	136	267	232	175	102	275	106
7,56	202	136	267	232	175	102	275	106
7,57	202	136	266	232	175	102	275	106
7,59	202	136	266	232	175	102	275	106
7,60	202	136	266	232	175	102	275	106
7,62	202	136	266	232	175	102	275	106
7,63	202	136	266	232	175	102	275	106
7,65	202	136	266	232	174	102	275	106
7,66	202	136	266	232	174	102	275	106
7,68	202	136	266	232	174	102	275	106
7,69	202	136	266	232	174	102	275	106
7,71	202	136	266	232	174	102	275	106
7,72	202	136	266	232	174	102	275	106
7,74	202	136	266	232	174	102	275	106
7,75	202	136	266	232	174	102	275	106
7,76	202	136	266	232	174	102	275	106
7,78	201	136	266	232	174	102	275	106
7,79	201	136	266	232	174	102	275	106
7,81	201	136	266	232	174	102	275	106
7,82	201	136	266	232	174	102	275	106
7,84	201	136	266	232	174	102	275	106
7,85	201	136	266	232	174	102	275	106
7,87	201	136	266	232	175	102	274	106
7,88	201	136	266	232	175	102	274	106
7,90	199	136	266	232	175	102	274	106
7,91	199	136	266	232	175	102	274	106
7,93	199	136	266	231	175	102	274	106
7,94	199	136	266	231	175	102	274	106
7,96	199	136	266	231	175	102	274	106
7,97	199	136	266	231	175	102	273	106
7,99	199	136	266	231	174	102	273	106
8,00	199	136	266	231	174	102	273	106
8,01	199	136	266	231	174	102	273	106
8,03	198	136	266	231	174	102	273	106
8,04	198	136	266	231	174	102	273	105
8,06	198	136	266	231	174	102	273	105
8,07	198	136	266	231	174	102	273	105
8,09	198	136	266	231	174	102	273	105
8,10	198	136	266	231	174	102	273	105
8,12	198	136	266	231	174	102	273	105
8,13	198	136	266	231	174	102	273	105
8,15	197	136	266	231	174	102	273	105
8,16	197	136	266	232	174	102	273	105
8,18	197	136	266	232	174	102	273	105
8,19	197	136	266	232	174	102	273	105
8,21	197	136	266	232	174	102	273	105
8,22	197	136	266	232	174	102	273	105
8,24	197	136	266	232	174	102	273	105
8,25	197	136	266	232	174	102	273	105
8,26	198	136	266	232	174	102	273	105
8,28	198	136	266	232	174	102	273	105
8,29	198	136	266	232	174	102	274	106
8,31	198	136	266	232	174	102	274	106
8,32	198	136	266	232	174	102	274	106
8,34	198	136	266	232	174	102	274	106
8,35	198	136	266	232	174	102	274	106
8,37	198	136	266	232	174	102	274	106
8,38	198	136	266	232	174	102	274	106
8,40	200	136	266	232	174	102	275	106
8,41	200	136	266	231	174	102	275	106
8,43	200	136	266	231	174	102	275	106
8,44	200	136	266	231	174	102	275	106
8,46	200	136	266	231	174	102	275	106
8,47	200	136	266	231	174	102	275	106
8,49	200	136	266	231	174	102	275	106
8,50	200	136	266	231	174	102	275	106
8,51	201	136	266	231	174	102	275	106
8,53	201	136	266	231	174	102	275	106
8,54	201	136	266	231	174	102	275	105
8,56	201	136	266	231	174	102	275	105
8,57	201	136	266	231	174	102	275	105
8,59	201	136	266	231	174	102	275	105
8,60	201	136	266	231	174	102	275	105
8,62	201	136	266	231	174	102	275	105
8,63	201	136	266	231	174	102	275	105
8,65	202	136	266	231	174	102	275	105
8,66	202	136	266	231	175	102	275	106
8,68	202	136	266	231	175	102	275	106
8,69	202	136	266	231	175	102	275	106
8,71	202	136	266	231	175	102	276	106
8,72	202	136	266	231	175	102	276	106
8,74	202	136	266	231	175	102	276	106
8,75	202	136	266	231	175	102	276	106
8,76	202	136	266	231	175	102	276	106
8,78	202	136	266	231	174	102	276	106
8,79	202	136	266	231	174	102	276	106
8,81	202	136	266	231	174	102	276	106
8,82	202	136	266	231	174	102	276	106
8,84	202	136	266	231	174	102	276	106
8,85	202	136	266	231	174	102	276	106
8,87	202	136	266	231	174	102	276	106
8,88	202	136	266	230	174	102	276	106
8,90	202	136	266	230	175	102	276	106
8,91	202	136	266	230	175	102	276	106
8,93	202	136	266	230	175	102	276	106
8,94	202	136	266	230	175	102	276	106
8,96	202	136	266	230	175	102	276	106
8,97	202	136	266	230	175	102	276	106
8,99	202	136	266	230	175	102	276	106
9,00	202	136	266	229	175	102	276	106
9,01	202	136	266	229	174	102	275	106
9,03	202	136	266	229	174	102	275	106
9,04	202	136	266	229	174	102	275	105
9,06	202	136	266	229	174	102	275	105
9,07	202	136	266	229	174	102	275	105
9,09	202	136	266	229	174	102	275	105
9,10	202	136	266	229	174	102	275	105
9,12	202	135	266	229	174	102	275	105
9,13	202	135	266	229	174	102	275	105
9,15	202	135	266	229	174	102	275	105
9,16	202	135	266	229	174	102	275	105
9,18	202	135	266	229	174	102	275	105
9,19	202	135	266	229	174	102	275	105
9,21	202	135	266	229	174	102	275	105
9,22	202	135	266	229	174	102	275	105
9,24	202	135	266	228	174	102	275	105
9,25	202	134	266	228	174	102	275	105
9,26	203	134	266	228	174	102	275	105
9,28	203	134	266	228	174	102	275	105
9,29	203	134	266	228	174	102	275	106
9,31	203	134	266	228	174	102	275	106
9,32	203	134	266	228	174	102	275	106
9,34	203	134	266	228	174	102	275	106
9,35	203	134	266	228	174	102	275	106
9,37	203	134	266	228	174	102	275	106
9,38	202	134	266	228	174	102	275	106
9,40	202	134	266	228	174	102	275	106
9,41	202	134	266	228	174	102	275	105
9,43	202	134	266	228	174	102	275	105
9,44	202	134	266	228	174	102	275	105
9,46	202	134	266	228	174	102	275	105
9,47	202	134	266	228	174	102	275	105
9,49	202	134	266	227	174	102	275	105
9,50	202	133	266	227	174	102	275	105
9,51	203	133	266	227	174	102	275	105
9,53	203	133	266	227	174	102	275	105
9,54	203	133	266	227	174	102	275	105
9,56	203	133	266	227	174	102	275	105
9,57	203	133	266	227	174	102	275	105
9,59	203	133	266	227	174	102	275	105
9,60	203	133	266	226	174	102	275	105
9,62	203	133	266	226	174	102	275	105
9,63	203	133	266	226	174	102	275	105
9,65	203	133	266	226	174	102	275	105
9,66	203	133	266	226	174	102	275	105
9,68	203	133	266	226	174	102	275	105
9,69	203	133	266	226	175	102	275	105
9,71	203	133	266	226	175	102	275	105
9,72	203	133	266	225	175	102	275	105
9,74	203	133	266	225	175	102	275	105
9,75	203	134	266	225	175	102	275	105
9,76	202	134	266	225	175	102	275	105
9,78	202	134	266	225	175	102	275	105
9,79	202	134	266	225	175	102	275	105
9,81	202	134	266	225	175	102	275	105
9,82	202	134	266	225	175	102	275	105
9,84	202	134	266	225	175	102	275	105
9,85	202	134	266	225	175	102	275	105
9,87	202	135	266	225	175	102	275	105
9,88	203	135	266	225	175	102	275	105
9,90	203	135	266	225	175	102	275	105
9,91	203	135	266	225	174	102	275	105
9,93	203	135	266	225	174	102	275	105
9,94	203	135	266	225	174	102	275	105
9,96	203	135	266	226	174	102	276	105
9,97	203	135	266	226	174	102	276	105
9,99	203	135	266	226	174	102	276	105
10,00	203	136	266	226	174	102	276	105
10,01	203	136	266	226	174	102	276	105
10,03	203	136	266	226	174	102	276	105
10,04	203	136	266	226	174	102	276	105
10,06	203	136	266	226	174	102	276	105
10,07	203	136	266	227	174	102	276	105
10,09	203	136	266	227	174	102	276	105
10,10	203	136	266	227	174	102	276	105
10,12	203	137	266	227	174	102	276	105
10,13	203	137	266	227	174	102	276	105
10,15	203	137	266	227	175	102	276	105
10,16	203	137	266	227	175	102	276	105
10,18	203	137	266	227	175	102	277	105
10,19	203	137	266	229	175	102	277	105
10,21	203	137	266	229	175	102	277	105
10,22	203	137	266	229	175	102	277	105
10,24	203	137	266	229	175	102	277	105
10,25	205	137	266	229	175	102	277	105
10,26	205	137	266	229	175	102	277	105
10,28	205	137	266	229	175	102	279	105
10,29	205	137	266	229	175	102	279	105
10,31	205	137	266	229	175	102	279	105
10,32	205	137	266	230	175	102	279	105
10,34	205	137	266	230	175	102	279	105
10,35	205	137	266	230	175	102	279	105
10,37	205	137	266	230	175	102	279	105
10,38	207	137	266	230	175	102	280	105
10,40	207	137	266	230	175	102	280	105
10,41	207	137	266	230	175	102	280	105
10,43	207	137	266	230	175	102	280	105
10,44	207	137	267	231	175	102	280	105
10,46	207	137	267	231	175	102	280	105
10,47	207	137	267	231	175	102	280	105
10,49	207	137	267	231	175	102	280	105
10,50	207	137	267	231	175	102	280	105
10,51	207	137	267	231	175	102	280	105
10,53	207	137	267	231	175	102	280	105
10,54	207	137	267	231	175	102	280	105
10,56	207	137	267	233	175	102	280	105
10,57	207	137	267	233	175	102	280	105
10,59	207	137	267	233	175	102	280	105
10,60	207	137	267	233	175	102	280	105
10,62	207	137	267	233	175	102	280	105
10,63	208	137	267	233	175	102	280	105
10,65	208	137	267	233	175	102	280	105
10,66	208	137	267	233	175	102	280	105
10,68	208	137	267	233	175	102	280	105
10,69	208	137	267	233	175	102	280	105
10,71	208	137	267	233	175	102	280	105
10,72	208	137	267	233	175	102	280	105
10,74	208	137	267	233	175	102	280	105
10,75	208	137	267	233	175	102	280	105
10,76	208	137	267	233	175	102	280	105
10,78	208	137	267	233	175	102	280	105
10,79	208	137	267	233	175	102	280	105
10,81	208	137	267	233	175	102	280	105
10,82	208	137	267	233	175	102	280	105
10,84	208	137	267	233	175	102	280	105
10,85	208	137	267	233	175	102	280	105
10,87	208	137	267	233	175	102	280	105
10,88	208	137	267	233	175	102	280	105
10,90	208	137	267	233	175	102	280	105
10,91	208	137	266	233	175	102	280	105
10,93	208	137	266	233	175	102	280	105
10,94	208	137	266	233	175	102	280	105
10,96	208	137	266	233	175	102	280	105
10,97	208	137	266	233	175	102	280	105
10,99	208	137	266	233	175	102	280	105
11,00	208	137	266	233	175	102	280	105
11,01	208	137	266	233	175	102	280	105
11,03	208	137	266	233	175	102	280	105
11,04	208	137	266	233	175	102	280	105
11,06	208	137	266	233	175	102	280	105
11,07	208	137	266	233	175	102	280	105
11,09	208	137	266	233	175	102	280	105
11,10	208	137	266	233	175	102	280	105
11,12	207	137	266	233	175	102	280	105
11,13	207	137	266	233	175	102	280	105
11,14	207	137	266	233	175	102	280	105
11,16	207	137	266	233	175	102	280	105
11,17	207	137	266	233	175	102	280	105
11,19	207	137	266	233	175	102	280	105
11,20	207	137	266	233	175	102	280	105
11,22	207	137	266	233	175	102	280	105
11,23	207	137	266	233	175	102	280	105
11,25	207	137	266	233	175	102	280	105
11,26	207	137	266	233	175	102	280	105
11,28	207	137	266	233	175	102	280	105
11,29	207	137	266	233	175	102	280	105
11,30	207	137	266	233	175	102	280	105
11,32	207	137	266	233	175	102	280	105
11,33	207	137	266	233	175	102	280	105
11,35	207	137	266	233	175	102	280	105
11,36	207	137	266	233	175	102	280	105
11,38	207	137	266	233	175	102	280	105
11,39	207	137	266	232	175	102	280	105
11,41	207	137	266	232	175	102	280	105
11,42	207	137	266	232	175	102	280	105
11,43	207	137	266	232	175	102	280	105
11,45	207	137	266	232	175	102	280	105
11,46	207	137	266	232	175	102	280	105
11,48	207	137	266	232	175	102	280	105
11,49	207	137	266	232	174	102	280	105
11,51	207	137	266	232	174	102	280	105
11,52	207	137	266	232	174	102	280	105
11,54	207	137	266	232	174	102	280	105
11,55	207	137	266	232	174	102	280	105
11,57	207	137	266	232	174	102	280	105
11,58	207	137	266	232	174	102	280	105
11,59	207	137	266	232	174	102	280	105
11,61	207	137	266	232	174	102	280	105
11,62	207	137	266	232	174	102	280	105
11,64	207	137	266	232	174	102	280	105
11,65	207	137	266	232	174	102	280	105
11,67	207	137	266	232	174	102	280	105
11,68	207	137	266	232	174	102	280	105
11,70	207	137	266	232	174	102	280	105
11,71	207	137	266	232	174	102	280	105
11,72	207	137	266	232	174	102	280	105
11,74	207	137	266	231	174	102	280	105
11,75	207	137	266	231	174	102	280	105
11,77	207	137	266	231	174	102	280	105
11,78	207	137	266	231	174	102	280	105
11,80	207	137	266	231	174	102	280	105
11,81	207	137	266	231	174	102	280	105
11,83	207	137	266	231	174	102	280	105
11,84	207	137	266	231	174	102	280	105
11,86	207	137	266	231	174	102	280	105
11,87	207	137	266	231	174	102	280	105
11,88	207	137	266	231	174	102	280	105
11,90	207	137	266	231	174	102	280	105
11,91	207	137	266	231	174	102	280	105
11,93	207	137	266	231	174	102	280	105
11,94	207	137	266	231	174	102	280	105
11,96	207	137	266	231	174	102	280	105
11,97	207	137	266	231	174	102	280	105
11,99	207	137	266	231	174	102	280	105
12,00	207	137	266	231	174	102	280	105
12,01	207	137	266	231	174	102	280	105
12,03	207	137	266	231	174	102	280	105
12,04	207	137	266	231	174	102	280	105
12,06	207	137	266	231	174	102	280	105
12,07	207	137	266	231	174	102	280	105
12,09	207	137	266	232	174	102	280	105
12,10	208	137	266	232	174	102	280	105
12,12	208	137	266	232	174	102	280	105
12,13	208	137	266	232	174	102	280	105
12,15	208	137	266	232	174	102	280	105
12,16	208	137	266	232	174	102	280	105
12,18	208	137	266	232	175	102	280	105
12,19	208	137	266	232	175	102	280	105
12,21	208	137	267	232	175	102	280	105
12,22	208	137	267	232	175	102	280	105
12,24	208	137	267	232	175	102	280	105
12,25	208	137	267	232	175	102	280	105
12,26	208	137	267	232	175	102	280	105
12,28	208	137	267	232	175	102	280	105
12,29	208	137	267	232	175	102	280	105
12,31	208	137	267	232	175	102	280	105
12,32	208	137	267	232	175	102	280	105
12,34	208	137	267	232	175	102	280	105
12,35	208	137	267	232	175	102	280	105
12,37	208	137	267	232	175	102	280	105
12,38	208	137	267	232	175	102	280	105
12,40	208	137	267	232	174	102	280	105
12,41	208	137	267	232	174	102	280	105
12,43	208	137	267	232	174	102	280	105
12,44	208	137	267	232	174	102	280	105
12,46	208	137	267	232	174	102	280	105
12,47	208	137	267	232	174	102	280	105
12,49	208	137	267	232	174	102	280	105
12,50	208	137	267	232	174	102	280	105
12,51	208	137	267	232	174	102	280	105
12,53	208	137	267	232	174	102	280	105
12,54	208	137	267	232	174	102	280	105
12,56	208	137	267	232	174	102	280	105
12,57	208	137	266	232	174	102	280	105
12,59	208	137	266	232	174	102	280	105
12,60	208	137	266	232	174	102	280	105
12,62	208	137	266	232	174	102	280	105
12,63	208	137	266	232	175	102	280	105
12,65	208	137	266	232	175	102	280	105
12,66	208	137	266	232	175	102	280	105
12,68	208	137	266	232	175	102	280	105
12,69	208	137	266	231	175	102	280	105
12,71	208	137	266	231	175	102	280	105
12,72	208	137	266	231	175	102	280	105
12,74	208	137	266	231	174	102	280	105
12,75	208	137	266	231	174	102	280	105
12,76	208	137	266	231	174	102	280	105
12,78	208	137	266	231	174	102	280	105
12,79	208	137	266	231	174	102	280	105
12,81	208	137	267	230	174	102	280	105
12,82	208	137	267	230	174	102	280	105
12,84	208	137	267	230	174	102	280	105
12,85	208	137	267	230	174	102	280	105
12,87	208	137	267	230	174	102	280	105
12,88	208	137	267	230	174	102	279	105
12,90	208	137	267	230	174	102	279	105
12,91	208	137	267	230	174	102	279	105
12,93	208	137	266	229	174	102	279	105
12,94	208	137	266	229	174	102	279	105
12,96	208	137	266	229	174	102	279	105
12,97	208	137	266	229	174	102	279	105
12,99	208	137	266	229	174	102	278	105
13,00	208	137	266	229	174	102	278	105
13,01	208	137	266	229	174	102	278	105
13,03	208	137	266	229	174	102	278	105
13,04	208	137	266	230	174	102	278	105
13,06	208	137	266	230	174	102	278	105
13,07	208	137	266	230	175	102	278	105
13,09	208	137	266	230	175	102	277	105
13,10	208	137	266	230	175	102	277	105
13,12	208	137	266	230	175	102	277	105
13,13	208	137	266	230	175	102	277	105
13,15	208	137	266	230	175	102	277	105
13,16	208	137	266	230	175	102	277	105
13,18	208	137	266	230	175	102	277	105
13,19	208	137	266	230	174	102	277	105
13,21	208	137	266	230	174	102	277	105
13,22	208	137	266	230	174	102	277	105
13,24	208	137	266	230	174	102	277	105
13,25	208	137	266	230	174	102	277	105
13,26	208	137	266	230	174	102	277	105
13,28	208	137	267	230	174	102	277	105
13,29	208	137	267	231	174	102	277	105
13,31	208	137	267	231	175	102	277	105
13,32	208	137	267	231	175	102	277	105
13,34	208	137	267	231	175	102	277	105
13,35	208	137	267	231	175	102	277	105
13,37	208	137	267	231	175	102	277	105
13,38	208	137	267	231	175	102	277	105
13,40	208	137	267	231	175	102	277	105
13,41	208	137	267	231	175	102	277	105
13,43	208	137	267	231	175	102	277	105
13,44	208	137	267	231	175	102	277	105
13,46	208	137	267	231	175	102	277	105
13,47	208	137	267	231	175	102	277	105
13,49	208	137	267	231	175	102	277	105
13,50	208	137	267	231	175	102	277	105
13,51	208	137	267	231	175	102	277	105
13,53	208	137	267	229	175	102	277	105
13,54	208	137	267	229	175	102	277	105
13,56	208	137	267	229	175	102	277	105
13,57	208	137	267	229	175	102	277	105
13,59	208	137	267	229	175	102	277	105
13,60	208	137	267	229	175	102	277	105
13,62	208	137	267	229	175	102	278	105
13,63	208	137	267	229	175	102	278	105
13,65	208	137	266	227	175	102	278	105
13,66	208	137	266	227	175	102	278	105
13,68	208	137	266	227	175	102	278	105
13,69	208	136	266	227	175	102	278	105
13,71	208	136	266	227	175	102	278	105
13,72	208	136	266	227	175	102	280	105
13,74	208	136	266	227	175	102	280	105
13,75	208	136	266	227	175	102	280	105
13,76	208	136	266	227	175	102	280	105
13,78	208	136	266	227	175	102	280	105
13,79	208	136	266	227	175	102	280	105
13,81	208	136	266	227	175	102	280	105
13,82	208	137	266	227	175	102	280	105
13,84	208	137	266	227	175	102	280	105
13,85	208	137	266	227	175	102	280	105
13,87	208	137	266	227	175	102	280	105
13,88	208	137	267	230	175	102	280	105
13,90	208	137	267	230	175	102	280	105
13,91	208	137	267	230	175	102	280	105
13,93	208	137	267	230	175	102	280	105
13,94	208	137	267	230	175	102	280	105
13,96	208	137	267	230	175	102	280	105
13,97	208	137	267	230	175	102	280	105
13,99	208	137	267	230	175	102	280	105
14,00	208	137	267	231	175	102	280	105
14,01	208	137	267	231	175	102	280	105
14,03	208	137	267	231	175	102	280	105
14,04	208	137	267	231	175	102	280	105
14,06	208	137	267	231	175	102	280	105
14,07	208	137	267	231	175	102	280	105
14,09	208	137	267	231	175	102	280	105
14,10	208	137	267	231	175	102	280	105
14,12	208	137	267	231	175	102	280	105
14,13	208	137	267	231	175	102	281	105
14,15	208	137	267	231	175	102	281	105
14,16	208	137	267	231	175	102	281	105
14,18	208	137	267	231	175	102	281	105
14,19	208	137	267	231	175	102	281	105
14,21	208	137	267	231	175	102	281	105
14,22	208	137	267	231	175	102	281	105
14,24	208	137	267	231	175	102	280	105
14,25	208	137	267	231	175	102	280	105
14,26	208	137	267	231	175	102	280	105
14,28	208	137	267	231	175	102	280	105
14,29	208	137	267	231	175	102	280	105
14,31	208	137	267	231	175	102	280	105
14,32	208	137	267	231	175	102	280	105
14,34	208	137	267	231	175	102	280	105
14,35	208	137	267	231	175	102	280	105
14,37	208	137	267	231	175	102	280	105
14,38	208	137	267	231	175	102	280	105
14,40	208	137	267	231	175	102	280	105
14,41	208	137	267	231	175	102	280	105
14,43	208	137	267	231	175	102	280	105
14,44	208	137	267	231	175	102	280	105
14,46	208	137	267	231	175	102	281	105
14,47	208	137	267	231	175	102	281	105
14,49	208	137	267	231	175	102	281	105
14,50	208	137	267	231	175	102	281	105
14,51	208	137	267	231	175	102	281	105
14,53	208	137	267	231	175	102	281	105
14,54	208	137	267	231	175	102	281	105
14,56	208	137	267	231	175	102	281	105
14,57	208	137	267	231	175	102	281	105
14,59	208	137	267	231	175	102	281	105
14,60	208	137	267	232	175	102	281	105
14,62	208	137	267	232	175	102	281	105
14,63	208	137	267	232	175	102	281	105
14,65	208	137	267	232	175	102	281	105
14,66	208	137	267	232	175	102	281	105
14,68	208	137	267	232	175	102	281	105
14,69	208	137	267	232	175	102	281	105
14,71	208	137	267	232	175	102	281	105
14,72	208	137	267	232	175	102	281	105
14,74	208	137	267	232	175	102	281	105
14,75	208	137	267	232	175	102	281	105
14,76	208	137	267	232	175	102	281	105
14,78	208	137	267	232	175	102	281	105
14,79	208	137	267	232	175	102	281	105
14,81	208	137	267	232	175	102	281	105
14,82	208	137	267	232	175	102	281	105
14,84	208	137	267	232	175	102	281	105
14,85	208	137	267	232	175	102	281	105
14,87	208	137	267	232	175	102	281	105
14,88	208	137	267	232	175	102	281	105
14,90	208	137	267	232	175	102	281	105
14,91	208	137	267	232	175	102	281	105
14,93	208	137	267	232	175	102	281	105
14,94	208	137	267	232	175	102	281	105
14,96	208	137	267	232	175	102	281	105
14,97	208	137	267	232	175	102	281	105
14,99	208	137	267	232	175	102	281	105
15,00	208	137	267	232	175	102	281	105
15,01	208	137	267	232	175	102	281	105
15,03	208	137	267	232	175	102	281	105
15,04	208	137	267	232	175	102	281	105
15,06	208	137	267	232	175	102	281	105
15,07	208	137	267	232	175	102	281	105
15,09	208	137	267	232	175	102	281	105
15,10	208	137	267	232	175	102	281	105
15,12	208	137	267	232	175	102	281	105
15,13	208	137	267	232	175	102	281	105
15,15	208	137	267	232	175	102	281	105
15,16	208	137	267	232	175	102	281	105
15,18	208	137	267	232	175	102	281	105
15,19	208	137	267	231	175	102	281	105
15,21	208	137	267	231	175	102	281	105
15,22	208	137	267	231	175	102	281	105
15,24	208	137	267	231	175	102	281	105
15,25	208	137	267	231	175	102	281	105
15,26	208	137	267	231	175	102	281	105
15,28	208	137	267	231	175	102	281	105
15,29	208	137	267	231	175	102	281	105
15,31	208	137	267	231	175	102	281	105
15,32	208	137	267	231	175	102	281	105
15,34	208	137	267	231	175	102	281	105
15,35	208	137	267	231	175	102	281	105
15,37	208	137	267	231	175	102	281	105
15,38	208	137	267	231	175	102	281	105
15,40	208	137	267	231	175	102	281	105
15,41	208	137	267	231	175	102	281	105
15,43	208	137	267	231	175	102	281	105
15,44	208	137	267	230	175	102	281	105
15,46	208	137	267	230	175	102	281	105
15,47	208	137	267	230	175	102	281	105
15,49	208	137	267	230	175	102	281	105
15,50	208	137	267	230	175	102	281	105
15,51	208	137	267	230	175	102	281	105
15,53	208	137	267	230	175	102	281	105
15,54	208	137	267	230	175	102	281	105
15,56	208	137	267	230	175	102	281	105
15,57	208	137	267	230	175	102	281	105
15,59	208	137	267	230	175	102	281	105
15,60	208	137	267	230	175	102	281	105
15,62	208	137	267	230	175	102	281	105
15,63	208	137	267	230	175	102	281	105
15,65	208	137	267	230	175	102	281	105
15,66	208	137	267	230	175	102	281	105
15,68	208	137	267	231	175	102	281	105
15,69	208	137	267	231	175	102	281	105
15,71	208	137	267	231	175	102	281	105
15,72	208	137	267	231	175	102	281	105
15,74	208	137	267	231	175	102	281	105
15,75	208	137	267	231	175	102	281	105
15,76	208	137	267	231	175	102	281	105
15,78	208	137	267	231	175	102	281	105
15,79	208	137	267	231	175	102	281	105
15,81	208	137	267	231	175	102	281	105
15,82	208	137	267	231	175	102	281	105
15,84	208	137	267	231	175	102	281	105
15,85	208	137	267	231	175	102	281	105
15,87	208	137	267	231	175	102	281	105
15,88	208	137	267	231	175	102	281	105
15,90	208	137	267	231	175	102	281	105
15,91	208	137	267	231	175	102	281	105
15,93	208	137	267	231	175	102	281	105
15,94	208	137	267	231	175	102	281	105
15,96	208	137	267	231	175	102	281	105
15,97	208	137	267	231	175	102	281	105
15,99	208	137	267	231	175	102	281	105
16,00	208	137	267	231	175	102	281	105
16,01	208	137	267	231	175	102	281	105
16,03	208	137	267	231	175	102	281	105
16,04	208	137	267	231	175	102	281	105
16,06	208	137	267	231	175	102	281	105
16,07	208	137	267	231	175	102	281	105
16,09	208	137	267	231	175	102	281	105
16,10	208	137	267	231	175	102	281	105
16,12	208	137	267	231	175	102	281	105
16,13	208	137	267	231	175	102	281	105
16,15	208	137	267	231	175	102	281	105
16,16	208	137	267	231	175	102	281	105
16,18	208	137	267	231	175	102	281	105
16,19	208	137	267	231	175	102	281	105
16,21	208	137	267	231	175	102	281	105
16,22	208	137	267	231	175	102	281	105
16,24	208	137	267	231	175	102	281	105
16,25	208	137	267	231	175	102	281	105
16,26	208	137	267	231	175	102	281	105
16,28	208	137	267	231	175	102	281	105
16,29	208	137	267	231	175	102	281	105
16,31	208	137	267	231	175	102	281	105
16,32	208	137	267	231	175	102	281	105
16,34	208	137	267	231	175	102	281	105
16,35	208	137	267	231	175	102	281	105
16,37	208	137	267	231	175	102	281	105
16,38	208	137	267	231	175	102	281	105
16,40	208	137	267	231	175	102	281	105
16,41	208	137	267	231	175	102	281	105
16,43	208	137	267	231	175	102	281	105
16,44	208	137	267	231	175	102	281	105
16,46	208	137	267	231	175	102	281	105
16,47	208	137	267	231	175	102	281	105
16,49	208	137	267	231	175	102	281	105
16,50	208	137	267	231	175	102	281	105
16,51	208	137	267	231	175	102	281	105
16,53	208	137	267	231	175	102	281	105
16,54	208	137	267	231	175	102	281	105
16,56	208	137	267	231	175	102	281	105
16,57	208	137	267	231	175	102	281	105
16,59	208	137	267	231	175	102	281	105
16,60	208	137	267	231	175	102	281	105
16,62	208	137	267	231	175	102	281	105
16,63	208	137	267	231	175	102	281	105
16,65	208	137	267	231	175	102	281	105
16,66	208	137	267	231	175	102	281	105
16,68	208	137	267	231	175	102	281	105
16,69	208	137	267	231	175	102	281	105
16,71	208	137	267	231	175	102	281	105
16,72	208	137	267	231	175	102	281	105
16,74	208	137	267	231	175	102	281	105
16,75	208	137	267	231	175	102	281	105
16,76	208	137	267	231	175	102	281	105
16,78	208	137	267	231	175	102	281	105
16,79	208	137	267	231	175	102	281	105
16,81	208	137	267	231	175	102	281	105
16,82	208	137	267	231	175	102	281	105
16,84	208	137	267	231	175	102	281	105
16,85	208	137	267	231	175	102	281	105
16,87	208	137	267	231	175	102	281	105
16,88	208	137	267	231	175	102	281	105
16,90	208	137	267	231	175	102	281	105
16,91	208	137	267	231	175	102	281	105
16,93	208	137	267	231	175	102	281	105
16,94	208	137	267	231	175	102	281	105
16,96	208	137	267	231	175	102	281	105
16,97	208	137	267	231	175	102	280	105
16,99	208	137	267	230	175	102	280	105
17,00	208	137	267	230	175	102	280	105
17,01	208	137	267	230	175	102	280	105
17,03	208	137	267	230	175	102	280	105
17,04	208	137	267	230	175	102	280	105
17,06	208	137	267	230	174	102	280	105
17,07	208	137	267	230	174	102	279	105
17,09	208	137	267	230	174	102	279	105
17,10	208	137	267	227	174	102	279	105
17,12	208	137	267	227	174	102	279	105
17,13	208	137	267	227	174	102	279	105
17,15	208	137	267	227	174	102	279	93
17,16	208	130	267	227	173	102	279	93
17,18	208	130	267	227	173	65	277	93
17,19	208	130	267	227	173	65	277	93
17,21	208	130	267	227	173	65	277	93
17,22	208	130	266	223	173	65	277	93
17,24	208	130	266	223	173	65	277	93
17,25	208	130	266	223	173	65	277	93
17,26	208	130	266	223	173	65	277	51
17,28	208	130	266	223	173	65	276	51
17,29	208	136	266	223	173	79	276	51
17,31	208	136	266	223	173	79	276	51
17,32	208	136	266	223	173	79	276	51
17,34	208	136	266	229	173	79	276	51
17,35	208	136	266	229	173	79	276	51
17,37	208	136	266	229	173	79	276	51
17,38	208	136	266	229	173	79	274	51
17,40	208	136	266	229	173	72	274	46
17,41	208	139	266	229	173	72	274	46
17,43	208	139	266	229	173	72	274	46
17,44	208	139	266	229	173	72	274	46
17,46	208	139	266	229	173	72	274	46
17,47	208	139	266	231	173	72	274	46
17,49	208	139	266	231	173	72	233	46
17,50	208	139	266	231	167	72	233	46
17,51	208	139	266	231	167	50	233	56
17,53	208	139	266	231	167	50	233	56
17,54	208	138	266	231	167	50	233	56
17,56	207	138	266	231	167	50	233	56
17,57	207	138	265	231	167	50	233	56
17,59	207	138	265	200	167	50	98	56
17,60	207	138	265	200	167	50	98	56
17,62	207	138	265	200	77	74	98	56
17,63	207	138	265	200	77	74	98	56
17,65	207	138	265	200	77	74	98	100
17,66	207	95	265	200	77	74	98	100
17,68	203	95	265	200	77	74	98	100
17,69	203	95	175	200	77	74	98	100
17,71	203	95	175	122	77	74	202	100
17,72	203	95	175	122	77	74	202	100
17,74	203	95	175	122	145	101	202	100
17,75	203	95	175	122	145	101	202	100
17,76	203	95	175	122	145	101	202	105
17,78	203	95	175	122	145	101	202	105
17,79	203	83	175	122	145	101	202	105
17,81	113	83	216	122	145	101	268	105
17,82	113	83	216	225	145	101	268	105
17,84	113	83	216	225	174	102	268	105
17,85	113	83	216	225	174	102	268	105
17,87	113	83	216	225	174	102	268	105
17,88	113	83	216	225	174	102	268	105
17,90	113	83	216	225	174	102	268	105
17,91	113	137	216	225	174	102	277	105
17,93	195	137	216	225	174	102	277	105
17,94	195	137	266	233	174	102	277	105
17,96	195	137	266	233	175	102	277	105
17,97	195	137	266	233	175	102	277	105
17,99	195	137	266	233	175	102	277	105
18,00	195	137	266	233	175	102	277	105
18,01	195	137	266	233	175	102	278	106
18,03	195	137	266	233	175	102	278	106
18,04	195	141	266	233	175	102	278	106
18,06	208	141	267	233	175	102	278	106
18,07	208	141	267	233	175	102	278	106
18,09	208	141	267	233	175	102	278	106
18,10	208	141	267	233	175	102	278	106
18,12	208	141	267	233	175	102	278	106
18,13	208	141	267	233	175	102	278	106
18,14	208	141	267	233	175	102	278	106
18,16	208	141	267	233	175	102	278	106
18,17	208	141	267	233	175	102	278	106
18,19	208	141	267	233	175	102	278	106
18,20	208	141	267	233	175	102	278	106
18,22	208	141	267	233	175	102	278	106
18,23	208	141	267	233	175	102	278	106
18,25	208	141	267	233	175	102	278	106
18,26	208	141	267	233	175	102	278	106
18,28	208	141	267	233	175	102	278	106
18,29	208	141	267	233	175	102	278	106
18,30	208	141	267	233	175	102	278	106
18,32	208	141	267	233	175	102	279	106
18,33	208	141	267	233	175	102	279	106
18,35	208	141	267	233	175	102	279	106
18,36	208	141	267	233	175	102	279	106
18,38	208	141	267	233	175	102	279	106
18,39	208	141	267	233	175	102	279	106
18,41	208	141	267	233	175	102	279	106
18,42	208	141	267	233	175	102	278	106
18,43	208	141	267	233	175	102	278	106
18,45	208	141	267	233	175	102	278	106
18,46	208	141	267	233	175	102	278	106
18,48	208	141	267	233	175	102	278	106
18,49	208	141	267	233	175	102	278	106
18,51	208	141	267	233	175	102	278	106
18,52	208	142	267	233	176	102	278	106
18,54	208	142	267	233	176	102	278	106
18,55	208	142	267	233	176	102	278	106
18,57	208	142	267	233	176	102	278	106
18,58	208	142	267	233	176	102	278	106
18,59	208	142	267	233	176	102	278	106
18,61	208	142	267	233	176	102	278	106
18,62	208	142	267	233	175	102	278	106
18,64	208	142	267	233	175	102	278	106
18,65	208	141	267	233	175	102	278	106
18,67	208	141	267	233	175	102	278	106
18,68	208	141	267	233	175	102	278	106
18,70	208	141	267	233	175	102	278	106
18,71	208	141	267	233	175	102	278	106
18,72	208	141	267	233	175	102	278	106
18,74	208	141	267	233	175	102	278	106
18,75	208	141	267	233	175	102	278	106
18,77	208	140	267	233	175	102	278	106
18,78	208	140	267	233	175	102	278	106
18,80	208	140	267	233	175	102	278	106
18,81	208	140	267	233	175	102	278	106
18,83	208	140	267	233	175	102	278	106
18,84	208	140	267	233	175	102	277	106
18,86	208	140	267	233	175	102	277	106
18,87	208	140	267	233	175	102	277	106
18,88	208	140	267	232	175	102	277	106
18,90	208	138	267	232	175	102	277	106
18,91	208	138	267	232	175	102	277	106
18,93	208	138	267	232	175	102	277	106
18,94	208	138	267	232	175	102	277	106
18,96	208	138	267	232	175	102	277	106
18,97	208	138	267	232	175	102	277	106
18,99	208	138	267	232	175	102	277	106
19,00	208	138	267	232	175	102	277	106
19,01	208	138	267	232	175	102	277	106
19,03	208	138	267	232	175	102	277	106
19,04	208	138	267	232	175	102	277	106
19,06	208	138	267	232	175	102	277	106
19,07	208	138	267	232	175	102	277	106
19,09	208	138	267	232	175	102	277	106
19,10	208	138	267	232	175	102	277	106
19,12	208	138	267	232	175	102	277	106
19,13	208	138	267	232	175	102	277	106
19,15	208	138	267	232	175	102	277	106
19,16	208	138	267	232	175	102	277	106
19,18	208	138	267	232	175	102	277	106
19,19	208	138	267	232	175	102	277	106
19,21	208	138	267	232	175	102	277	106
19,22	208	138	267	232	175	102	277	106
19,24	208	138	267	232	175	102	277	106
19,25	208	138	267	232	175	102	277	106
19,26	208	139	267	232	175	102	277	106
19,28	208	139	267	232	175	102	277	106
19,29	208	139	267	232	175	102	277	106
19,31	208	139	267	232	175	102	277	106
19,32	208	139	267	232	175	102	277	106
19,34	208	139	267	232	175	102	277	106
19,35	208	139	267	232	175	102	277	106
19,37	208	139	267	233	175	102	277	106
19,38	208	139	267	233	175	102	277	105
19,40	208	139	267	233	175	102	277	105
19,41	208	139	267	233	175	102	277	105
19,43	208	139	267	233	175	102	277	105
19,44	208	139	267	233	175	102	277	105
19,46	208	139	267	233	175	102	277	105
19,47	208	139	267	233	175	102	277	105
19,49	208	139	267	233	175	102	277	105
19,50	208	139	267	233	175	102	277	106
19,51	208	139	267	233	175	102	277	106
19,53	208	139	267	233	175	102	277	106
19,54	208	139	267	233	175	102	277	106
19,56	208	139	267	233	175	102	277	106
19,57	208	139	267	233	175	102	277	106
19,59	208	139	267	233	175	102	277	106
19,60	208	139	267	233	175	102	277	106
19,62	208	139	267	233	175	102	277	106
19,63	208	139	267	233	175	102	277	106
19,65	208	139	267	233	175	102	277	106
19,66	208	139	267	233	175	102	277	106
19,68	208	139	267	233	175	102	277	106
19,69	208	139	267	233	175	102	277	106
19,71	208	139	267	233	175	102	277	106
19,72	208	139	267	233	175	102	277	106
19,74	208	139	267	233	175	102	277	106
19,75	208	139	267	233	175	102	277	106
19,76	208	139	267	233	175	102	277	106
19,78	208	139	267	233	175	102	277	106
19,79	208	139	267	233	175	102	277	106
19,81	208	139	267	233	175	102	277	106
19,82	208	139	267	233	175	102	277	106
19,84	208	139	267	233	175	102	277	106
19,85	208	139	267	233	175	102	277	106
19,87	208	139	267	233	175	102	277	106
19,88	208	139	267	233	175	102	277	106
19,90	208	139	267	233	175	102	277	106
19,91	208	139	267	233	175	102	277	106
19,93	208	139	267	233	175	102	277	106
19,94	208	139	267	233	175	102	277	106
19,96	208	139	267	233	175	102	277	106
19,97	208	139	267	233	175	102	277	106
19,99	208	139	267	233	175	102	277	106
20,00	208	139	267	233	175	102	277	106
20,01	208	139	267	233	175	102	277	106
20,03	208	139	267	233	175	102	277	106
20,04	208	139	267	233	175	102	277	106
20,06	208	139	267	233	175	102	277	106
20,07	208	139	267	233	175	102	277	106
20,09	208	139	267	233	175	102	277	106
20,10	208	139	267	233	175	102	277	106
20,12	208	139	267	233	175	102	277	106
20,13	208	139	267	233	175	102	277	106
20,15	208	139	267	233	175	102	277	106
20,16	208	139	267	233	175	102	277	106
20,18	208	139	267	233	175	102	277	106
20,19	208	139	267	233	175	102	277	106
20,21	208	139	267	232	175	102	277	106
20,22	208	139	267	232	175	102	277	106
20,24	208	139	267	232	175	102	277	106
20,25	208	139	267	232	175	102	277	106
20,26	208	139	267	232	175	102	277	106
20,28	208	139	267	232	175	102	277	106
20,29	208	139	267	232	175	102	277	106
20,31	208	139	267	232	175	102	277	106
20,32	208	139	267	232	175	102	277	106
20,34	208	139	267	232	175	102	277	106
20,35	208	139	267	232	175	102	277	106
20,37	208	139	267	232	175	102	277	106
20,38	208	139	267	232	175	102	277	106
20,40	208	139	267	232	175	102	277	106
20,41	208	139	267	232	175	102	277	106
20,43	208	139	267	232	175	102	277	106
20,44	208	139	267	232	175	102	277	106
20,46	208	139	267	232	175	102	277	106
20,47	208	139	267	232	175	102	277	106
20,49	208	139	267	232	175	102	277	106
20,50	208	139	267	232	175	102	277	106
20,51	208	139	267	232	175	102	277	106
20,53	208	139	267	232	175	102	277	106
20,54	208	139	267	232	175	102	277	106
20,56	208	139	267	232	175	102	277	106
20,57	208	139	267	232	175	102	277	106
20,59	208	139	267	232	175	102	277	106
20,60	208	139	267	232	175	102	277	106
20,62	208	139	267	232	175	102	277	106
20,63	208	139	267	232	175	102	277	106
20,65	208	139	267	232	175	102	277	106
20,66	208	139	267	232	175	102	277	106
20,68	208	139	267	232	175	102	277	106
20,69	208	139	267	232	175	102	277	106
20,71	208	139	267	232	175	102	277	106
20,72	208	139	267	232	175	102	277	106
20,74	208	139	267	232	175	102	277	106
20,75	208	139	267	232	175	102	277	106
20,76	208	139	267	232	175	102	277	106
20,78	208	139	267	232	175	102	277	106
20,79	208	139	267	232	175	102	277	106
20,81	208	139	267	232	175	102	277	106
20,82	208	139	267	232	175	102	277	106
20,84	208	139	267	232	175	102	277	106
20,85	208	139	267	232	175	102	277	106
20,87	208	139	267	232	175	102	277	106
20,88	208	139	267	232	175	102	277	106
20,90	208	139	267	232	175	102	277	106
20,91	208	139	267	232	175	102	277	106
20,93	208	139	267	232	175	102	277	106
20,94	208	139	267	232	175	102	277	106
20,96	208	139	267	232	175	102	277	106
20,97	208	139	267	232	175	102	277	106
20,99	208	139	267	232	175	102	277	106
21,00	208	139	267	232	175	102	277	106
21,01	208	139	267	232	175	102	277	106
21,03	208	139	267	232	175	102	277	106
21,04	208	139	267	232	175	102	277	106
21,06	208	139	267	232	175	102	277	106
21,07	208	139	267	232	175	102	277	106
21,09	208	139	267	232	175	102	277	106
21,10	208	139	267	232	175	102	277	106
21,12	208	138	267	232	175	102	277	106
21,13	208	138	267	232	175	102	277	106
21,15	208	138	267	232	175	102	277	106
21,16	208	138	267	232	175	102	277	106
21,18	208	138	267	232	175	102	277	106
21,19	208	138	267	232	175	102	277	106
21,21	208	138	267	232	175	102	277	106
21,22	208	138	267	232	175	102	277	106
21,24	208	138	267	232	175	102	277	106
21,25	208	138	267	232	175	102	277	105
21,26	208	138	267	232	175	102	277	105
21,28	208	138	267	232	175	102	277	105
21,29	208	138	267	232	175	102	277	105
21,31	208	138	267	232	175	102	277	105
21,32	208	138	267	232	175	102	277	105
21,34	208	138	267	232	175	102	277	105
21,35	208	138	267	232	175	102	277	105
21,37	208	138	267	232	175	102	277	105
21,38	208	138	267	232	175	102	277	105
21,40	208	138	267	232	175	102	277	105
21,41	208	138	267	232	175	102	277	105
21,43	208	138	267	232	175	102	277	105
21,44	208	138	267	232	175	102	277	105
21,46	208	138	267	232	175	102	277	105
21,47	208	138	267	232	175	102	277	105
21,49	208	138	267	232	175	102	277	105
21,50	208	138	267	232	175	102	277	106
21,51	208	138	267	231	175	102	277	106
21,53	208	138	267	231	175	102	277	106
21,54	208	138	267	231	175	102	277	106
21,56	208	138	267	231	175	102	277	106
21,57	208	138	267	231	175	102	277	106
21,59	208	138	267	231	175	102	277	106
21,60	208	138	267	231	175	102	277	106
21,62	208	138	267	231	175	102	277	106
21,63	208	138	267	231	175	102	277	106
21,65	208	138	267	231	175	102	277	106
21,66	208	138	267	231	175	102	277	106
21,68	208	138	267	231	175	102	277	106
21,69	208	138	267	231	175	102	277	106
21,71	208	138	267	231	175	102	277	106
21,72	208	138	267	231	175	102	277	106
21,74	208	138	267	231	175	102	277	106
21,75	208	137	267	231	175	102	277	106
21,76	208	137	267	231	175	102	277	106
21,78	208	137	267	231	175	102	277	106
21,79	208	137	267	231	175	102	277	106
21,81	208	137	267	231	175	102	277	106
21,82	208	137	267	231	175	102	277	106
21,84	208	137	267	231	175	102	277	106
21,85	208	137	266	231	175	102	277	106
21,87	208	137	266	231	175	102	277	105
21,88	208	137	266	231	175	102	277	105
21,90	208	137	266	231	175	102	277	105
21,91	208	137	266	231	175	102	277	105
21,93	208	137	266	231	175	102	277	105
21,94	208	137	266	231	175	102	277	105
21,96	208	137	266	231	175	102	277	105
21,97	208	137	267	231	175	102	277	105
21,99	208	137	267	231	175	102	277	105
22,00	208	137	267	231	175	102	277	105
22,01	208	137	267	231	175	102	277	105
22,03	208	137	267	231	175	102	277	105
22,04	208	137	267	231	175	102	277	105
22,06	208	137	267	231	175	102	277	105
22,07	208	137	267	231	175	102	277	105
22,09	208	137	267	231	175	102	277	105
22,10	208	137	267	231	175	102	277	105
22,12	208	137	267	231	175	102	277	106
22,13	208	137	267	231	175	102	277	106
22,15	208	137	267	231	175	102	277	106
22,16	208	137	267	231	175	102	277	106
22,18	208	137	267	231	175	102	277	106
22,19	208	137	267	231	175	102	277	106
22,21	208	137	267	231	175	102	277	106
22,22	208	137	267	231	175	102	277	106
22,24	208	137	267	231	175	102	277	106
22,25	208	137	267	231	175	102	277	106
22,26	208	137	267	231	175	102	277	106
22,28	208	137	267	231	175	102	277	106
22,29	208	137	267	231	175	102	277	106
22,31	208	137	267	231	175	102	277	106
22,32	208	137	267	231	175	102	277	106
22,34	208	137	267	231	175	102	277	106
22,35	208	137	267	231	175	102	277	106
22,37	208	137	267	231	175	102	277	106
22,38	208	137	267	231	175	102	277	106
22,40	208	137	267	231	175	102	277	106
22,41	208	137	267	231	175	102	277	106
22,43	208	137	267	231	175	102	277	106
22,44	208	137	267	231	175	102	277	106
22,46	208	137	267	231	175	102	277	106
22,47	208	137	267	231	175	102	277	106
22,49	208	137	267	231	175	102	277	106
22,50	208	137	267	231	175	102	277	106
22,51	208	137	267	231	175	102	277	106
22,53	208	137	267	231	175	102	277	106
22,54	208	137	267	231	175	102	277	106
22,56	208	137	267	231	175	102	277	106
22,57	208	137	267	231	175	102	277	106
22,59	208	137	267	231	175	102	277	106
22,60	208	137	267	231	175	102	277	106
22,62	208	137	267	231	175	102	277	106
22,63	208	137	267	231	175	102	277	106
22,65	208	137	267	231	175	102	277	106
22,66	208	137	267	231	175	102	277	106
22,68	208	137	267	231	175	102	277	106
22,69	208	137	267	231	175	102	277	106
22,71	208	137	267	231	175	102	277	106
22,72	208	137	267	231	175	102	277	106
22,74	208	137	267	231	175	102	277	106
22,75	208	137	267	231	175	102	277	106
22,76	208	137	267	231	175	102	277	106
22,78	208	137	267	231	175	102	277	106
22,79	208	137	267	231	175	102	277	106
22,81	208	137	267	231	175	102	277	106
22,82	208	137	267	231	175	102	277	106
22,84	208	137	267	231	175	102	277	106
22,85	208	137	267	231	175	102	277	106
22,87	208	137	267	231	175	102	277	106
22,88	208	137	267	231	175	102	277	106
22,90	208	137	267	231	175	102	277	106
22,91	208	137	267	231	175	102	277	106
22,93	208	137	267	231	175	102	277	106
22,94	208	137	267	231	175	102	277	106
22,96	208	137	267	231	175	102	277	106
22,97	208	137	267	231	175	102	277	106
22,99	208	137	267	231	175	102	277	106
23,00	208	137	267	231	175	102	277	106
23,01	208	137	267	231	175	102	277	106
23,03	208	137	267	231	175	102	277	106
23,04	208	137	267	231	175	102	277	106
23,06	208	137	267	231	175	102	277	106
23,07	208	137	267	231	175	102	277	106
23,09	208	137	267	231	175	102	277	106
23,10	208	137	267	231	175	102	277	106
23,12	208	137	267	231	175	102	277	106
23,13	208	137	267	231	175	102	277	106
23,15	208	137	267	231	175	102	277	106
23,16	208	137	267	231	175	102	277	106
23,18	208	137	267	231	175	102	277	106
23,19	208	137	267	231	175	102	277	106
23,21	208	137	267	231	175	102	277	106
23,22	208	137	267	231	175	102	277	106
23,24	208	137	267	231	175	102	277	106
23,25	208	137	267	231	175	102	277	106
23,26	208	137	267	231	175	102	277	106
23,28	208	137	267	231	175	102	277	106
23,29	208	137	267	231	175	102	277	106
23,31	208	137	267	231	175	102	277	106
23,32	208	137	267	231	175	102	277	106
23,34	208	137	267	231	175	102	277	106
23,35	208	137	267	231	175	102	277	106
23,37	208	137	267	231	175	102	277	106
23,38	208	137	267	231	175	102	277	106
23,40	208	137	267	231	175	102	277	106
23,41	208	137	267	231	175	102	277	106
23,43	208	137	267	231	175	102	277	106
23,44	208	137	267	231	175	102	277	106
23,46	208	137	267	231	175	102	277	106
23,47	208	137	267	231	175	102	277	106
23,49	208	137	267	231	175	102	277	106
23,50	208	137	267	231	175	102	277	106
23,51	208	137	267	231	175	102	277	106
23,53	208	137	267	231	175	102	277	106
23,54	208	137	267	231	175	102	277	106
23,56	208	137	267	231	175	102	277	106
23,57	208	137	267	231	175	102	277	106
23,59	208	137	267	231	175	102	277	106
23,60	208	137	267	231	175	102	277	106
23,62	208	137	267	231	175	102	277	106
23,63	208	137	267	231	175	102	277	106
23,65	208	137	267	231	175	102	277	106
23,66	208	137	267	231	175	102	277	106
23,68	208	137	267	231	175	102	277	106
23,69	208	137	267	231	175	102	277	106
23,71	208	137	267	231	175	102	277	106
23,72	208	137	267	231	175	102	277	106
23,74	208	137	267	231	175	102	277	106
23,75	208	137	267	231	175	102	277	106
23,76	208	137	267	231	175	102	277	106
23,78	208	137	267	230	175	102	277	106
23,79	208	137	267	230	175	102	277	106
23,81	208	137	267	230	175	102	277	106
23,82	208	137	267	230	175	102	277	106
23,84	208	137	267	230	175	102	277	106
23,85	208	137	267	230	175	102	277	106
23,87	208	137	267	230	175	102	277	106
23,88	208	137	267	230	175	102	277	106
23,90	208	137	267	230	175	102	277	106
23,91	208	137	267	230	175	102	277	106
23,93	208	137	267	230	175	102	277	106
23,94	208	137	267	230	175	102	277	106
23,96	208	137	267	230	175	102	278	106
23,97	208	137	267	230	175	102	278	106
23,99	208	137	267	230	175	102	278	106
24,00	208	137	267	230	175	102	278	106
24,01	208	137	267	229	175	102	278	106
24,03	208	137	267	229	175	102	278	106
24,04	208	137	267	229	175	102	278	106
24,06	208	137	267	229	175	102	278	106
24,07	208	137	267	229	175	102	278	106
24,09	208	137	267	229	175	102	278	106
24,10	208	137	267	229	175	102	278	106
24,12	208	137	267	229	175	102	278	106
24,13	208	137	267	229	175	102	278	106
24,15	208	137	267	229	175	102	278	106
24,16	208	137	267	229	175	102	278	106
24,18	208	137	267	229	175	102	278	106
24,19	208	137	267	229	175	102	278	106
24,21	208	137	267	229	175	102	278	106
24,22	208	137	267	229	175	102	278	106
24,24	208	137	267	229	175	102	278	105
24,25	208	137	267	229	175	102	278	105
24,26	208	137	267	229	175	102	279	105
24,28	208	137	267	229	175	102	279	105
24,29	208	137	267	229	175	102	279	105
24,31	208	137	267	229	175	102	279	105
24,32	208	137	267	229	175	102	279	105
24,34	208	137	267	229	175	102	279	105
24,35	208	137	266	229	175	102	279	105
24,37	208	137	266	229	175	102	279	106
24,38	208	137	266	229	175	102	279	106
24,40	208	137	266	229	175	102	279	106
24,41	208	137	266	229	175	102	279	106
24,43	208	137	266	229	175	102	279	106
24,44	208	137	266	229	175	102	279	106
24,46	208	137	266	229	175	102	279	106
24,47	208	137	267	229	175	102	279	106
24,49	208	137	267	230	175	102	280	105
24,50	208	137	267	230	175	102	280	105
24,51	208	137	267	230	175	102	280	105
24,53	208	137	267	230	175	102	280	105
24,54	208	137	267	230	175	102	280	105
24,56	208	137	267	230	175	102	280	105
24,57	208	137	267	230	175	102	280	105
24,59	208	137	267	230	175	102	280	105
24,60	208	137	267	229	175	102	280	105
24,62	208	137	267	229	175	102	280	105
24,63	208	137	267	229	175	102	280	105
24,65	208	137	267	229	175	102	280	105
24,66	208	137	267	229	175	102	280	105
24,68	208	137	267	229	175	102	280	105
24,69	208	137	267	229	175	102	279	105
24,71	208	137	267	229	175	102	279	105
24,72	208	137	267	229	175	102	279	105
24,74	208	137	267	229	175	102	279	105
24,75	208	137	267	229	175	102	279	105
24,76	208	137	267	229	175	102	279	105
24,78	208	137	267	229	175	102	279	105
24,79	208	137	267	229	175	102	279	105
24,81	208	137	267	229	175	102	279	105
24,82	208	137	266	229	175	102	279	105
24,84	208	137	266	229	175	102	279	105
24,85	208	137	266	228	175	102	279	105
24,87	208	137	266	228	175	102	279	105
24,88	208	137	266	228	175	102	279	105
24,90	208	137	266	228	175	102	279	105
24,91	208	137	266	228	175	102	279	105
24,93	208	137	266	228	175	102	279	105
24,94	208	137	266	228	175	102	279	105
24,96	208	137	266	228	175	102	279	105
24,97	208	137	266	226	175	102	279	105
24,99	208	137	266	226	175	102	279	105
25,00	208	137	266	226	175	102	278	105
25,01	208	137	266	226	175	102	278	105
25,03	208	137	266	226	175	102	278	105
25,04	208	137	266	226	175	102	278	105
25,06	208	137	266	226	175	102	278	105
25,07	208	137	266	226	175	102	278	105
25,09	208	136	266	226	175	102	278	105
25,10	208	136	266	226	175	102	278	105
25,12	208	136	266	226	175	102	278	105
25,13	208	136	266	226	175	102	278	105
25,15	208	136	266	226	175	102	278	105
25,16	208	136	266	226	175	102	278	105
25,18	208	136	266	226	175	102	278	105
25,19	208	136	266	226	175	102	278	105
25,21	208	135	266	226	175	102	277	105
25,22	208	135	266	226	175	102	277	105
25,24	208	135	266	226	175	102	277	105
25,25	208	135	266	226	175	102	277	105
25,26	208	135	266	226	175	102	277	105
25,28	208	135	266	226	175	102	277	105
25,29	208	135	266	226	175	102	277	105
25,31	208	135	266	226	175	102	277	105
25,32	208	135	266	226	175	102	277	105
25,34	208	135	266	226	175	102	277	105
25,35	208	135	266	226	175	102	277	105
25,37	208	135	266	226	175	102	277	106
25,38	208	135	266	226	175	102	277	106
25,40	208	135	266	226	175	102	277	106
25,41	208	135	266	226	175	102	277	106
25,43	208	135	267	226	175	102	277	106
25,44	208	135	267	227	175	102	277	106
25,46	208	135	267	227	175	102	277	106
25,47	208	135	267	227	175	102	277	106
25,49	208	135	267	227	175	102	277	106
25,50	208	135	267	227	175	102	277	106
25,51	208	135	267	227	175	102	277	106
25,53	208	135	267	227	175	102	277	106
25,54	208	135	267	227	175	102	277	106
25,56	208	135	267	228	175	102	277	106
25,57	208	136	267	228	175	102	277	106
25,59	208	136	267	228	175	102	277	106
25,60	208	136	267	228	175	102	277	106
25,62	208	136	267	228	175	102	277	106
25,63	208	136	267	228	175	102	277	106
25,65	208	136	267	228	175	102	277	106
25,66	208	136	267	228	175	102	277	106
25,68	208	136	267	229	175	102	277	106
25,69	208	136	267	229	175	102	277	106
25,71	208	137	267	229	175	102	277	106
25,72	208	137	267	229	175	102	277	106
25,74	208	137	267	229	175	102	277	106
25,75	208	137	267	229	175	102	277	106
25,76	208	137	267	229	175	102	277	106
25,78	208	137	267	229	175	102	277	106
25,79	208	137	267	231	175	102	277	106
25,81	208	137	267	231	175	102	277	106
25,82	208	138	267	231	175	102	277	106
25,84	208	138	267	231	175	102	277	106
25,85	208	138	267	231	175	102	277	106
25,87	208	138	267	231	175	102	277	106
25,88	208	138	267	231	175	102	277	106
25,90	208	138	267	231	175	102	277	106
25,91	208	138	267	231	175	102	277	106
25,93	208	138	267	232	175	102	277	106
25,94	208	138	267	232	175	102	277	106
25,96	208	139	267	232	175	102	277	106
25,97	208	139	267	232	175	102	277	106
25,99	208	139	267	232	175	102	277	106
26,00	208	139	267	232	175	102	277	106
26,01	208	139	267	232	175	102	277	106
26,03	208	139	267	232	175	102	277	106
26,04	208	139	267	233	175	102	278	106
26,06	208	139	267	233	175	102	278	106
26,07	208	140	267	233	175	102	278	106
26,09	208	140	267	233	175	102	278	106
26,10	208	140	267	233	175	102	278	106
26,12	208	140	267	233	175	102	278	106
26,13	208	140	267	233	175	102	278	106
26,15	208	140	267	233	175	102	278	106
26,16	208	140	267	233	175	102	278	106
26,18	208	140	267	233	175	102	278	106
26,19	208	140	267	233	175	102	278	106
26,21	208	141	267	233	175	102	278	106
26,22	208	141	267	233	175	102	278	106
26,24	208	141	267	233	175	102	278	106
26,25	208	141	267	233	175	102	278	106
26,26	208	141	267	233	175	102	278	106
26,28	208	141	267	233	175	102	278	106
26,29	208	141	267	233	175	102	278	106
26,31	208	141	267	233	175	102	278	106
26,32	208	141	267	233	175	102	278	106
26,34	208	141	267	233	175	102	278	106
26,35	208	141	267	233	175	102	278	106
26,37	208	141	267	233	175	102	278	106
26,38	208	141	267	233	175	102	278	106
26,40	208	141	267	233	175	102	278	106
26,41	208	141	267	233	175	102	278	106
26,43	208	141	267	233	175	102	278	106
26,44	208	141	267	233	176	102	278	106
26,46	208	141	267	233	176	102	278	106
26,47	208	141	267	233	176	102	278	106
26,49	208	141	267	233	176	102	278	106
26,50	208	141	267	233	176	102	278	106
26,51	208	141	267	233	176	102	278	106
26,53	208	141	267	233	176	102	278	106
26,54	208	141	267	233	176	102	278	106
26,56	208	141	267	233	175	102	278	106
26,57	208	141	267	233	175	102	278	106
26,59	208	141	267	233	175	102	278	106
26,60	208	141	267	233	175	102	278	106
26,62	208	141	267	233	175	102	278	106
26,63	208	141	267	233	175	102	278	106
26,65	208	141	267	233	175	102	278	106
26,66	208	141	267	233	175	102	278	106
26,68	208	141	267	233	175	102	278	106
26,69	208	141	267	233	175	102	278	106
26,71	208	141	267	233	175	102	278	106
26,72	208	141	267	233	175	102	278	106
26,74	208	141	267	233	175	102	278	106
26,75	208	141	267	233	175	102	278	106
26,76	208	141	267	233	175	102	278	106
26,78	208	141	267	233	175	102	278	106
26,79	208	141	267	233	175	102	278	106
26,81	208	141	267	233	175	102	278	106
26,82	208	141	267	233	175	102	278	106
26,84	208	141	267	233	175	102	278	106
26,85	208	141	267	233	175	102	278	106
26,87	208	141	267	233	175	102	278	106
26,88	208	141	267	233	175	102	278	106
26,90	208	141	267	233	175	102	278	106
26,91	208	141	267	233	175	102	278	106
26,93	208	141	267	233	175	102	278	106
26,94	208	141	267	233	175	102	278	106
26,96	208	141	267	233	175	102	278	106
26,97	208	141	267	233	175	102	278	106
26,99	208	141	267	233	175	102	278	106
27,00	208	141	267	233	175	102	278	106
27,01	208	141	267	233	175	102	278	106
27,03	208	141	267	233	175	102	278	106
27,04	208	141	267	233	175	102	278	106
27,06	208	141	267	233	175	102	278	106
27,07	208	141	267	233	175	102	278	106
27,09	208	141	267	233	175	102	278	106
27,10	208	141	267	233	175	102	278	106
27,12	208	141	267	233	175	102	278	106
27,13	208	141	267	233	175	102	278	106
27,15	208	141	267	233	175	102	278	106
27,16	208	141	267	233	175	102	278	106
27,18	208	141	267	233	175	102	278	106
27,19	208	141	267	233	175	102	278	106
27,21	208	141	267	233	175	102	278	106
27,22	208	141	267	233	175	102	278	106
27,24	208	141	267	233	175	102	278	106
27,25	208	141	267	233	175	102	278	106
27,26	208	141	267	233	175	102	278	106
27,28	208	141	267	233	175	102	278	106
27,29	208	141	267	233	175	102	278	106
27,31	208	141	267	233	175	102	278	106
27,32	208	141	267	233	175	102	278	106
27,34	208	141	267	233	175	102	278	106
27,35	208	141	267	233	175	102	278	106
27,37	208	141	267	233	175	102	278	106
27,38	208	141	267	233	175	102	278	106
27,40	208	141	267	233	175	102	278	106
27,41	208	141	267	233	175	102	278	106
27,43	208	141	267	233	175	102	278	106
27,44	208	141	267	233	175	102	278	106
27,46	208	141	267	233	175	102	278	106
27,47	208	141	267	233	175	102	278	106
27,49	208	141	267	233	175	102	278	106
27,50	208	141	267	233	175	102	278	106
27,51	208	141	267	233	175	102	278	106
27,53	208	141	267	233	175	102	278	106
27,54	208	141	267	233	175	102	278	106
27,56	208	141	267	233	175	102	278	106
27,57	208	141	267	233	175	102	278	106
27,59	208	141	267	233	175	102	278	106
27,60	208	141	267	233	175	102	278	106
27,62	208	141	267	233	175	102	278	106
27,63	208	141	267	233	175	102	278	106
27,65	208	141	267	233	175	102	278	106
27,66	208	141	267	233	175	102	278	106
27,68	208	141	267	233	175	102	278	106
27,69	208	140	267	233	175	102	278	106
27,71	208	140	267	233	175	102	278	106
27,72	208	140	267	233	175	102	278	106
27,74	208	140	267	233	175	102	278	106
27,75	208	140	267	233	175	102	278	106
27,76	208	140	267	233	175	102	278	106
27,78	208	140	267	233	175	102	278	106
27,79	208	140	267	233	175	102	278	106
27,81	208	140	267	233	175	102	278	106
27,82	208	140	267	233	175	102	278	106
27,84	208	140	267	232	175	102	278	106
27,85	208	140	267	232	175	102	278	106
27,87	208	140	267	232	175	102	278	106
27,88	208	140	267	232	175	102	278	106
27,90	208	140	267	232	175	102	278	106
27,91	208	140	267	232	175	102	278	106
27,93	208	140	267	232	175	102	278	106
27,94	208	139	267	232	175	102	278	106
27,96	208	139	267	232	175	102	278	106
27,97	208	139	267	232	175	102	278	106
27,99	208	139	267	232	175	102	278	106
28,00	208	139	267	232	175	102	278	106
28,01	208	139	267	232	175	102	278	106
28,03	208	139	267	232	175	102	278	106
28,04	208	139	267	232	175	102	277	106
28,06	208	139	267	232	175	102	277	106
28,07	208	139	267	231	175	102	277	106
28,09	208	139	267	231	175	102	277	106
28,10	208	139	267	231	175	102	277	106
28,12	208	139	267	231	175	102	277	106
28,13	208	139	267	231	175	102	277	106
28,15	208	139	267	231	175	102	277	106
28,16	208	139	267	231	175	102	277	106
28,18	208	139	267	231	175	102	277	106
28,19	208	138	267	232	175	102	277	106
28,21	208	138	267	232	175	102	277	106
28,22	208	138	267	232	175	102	277	106
28,24	208	138	267	232	175	102	277	106
28,25	208	138	267	232	175	102	277	106
28,26	208	138	267	232	175	102	277	106
28,28	208	138	267	232	175	102	277	106
28,29	208	138	267	232	175	102	277	106
28,31	208	138	267	232	175	102	277	106
28,32	208	138	267	232	175	102	277	106
28,34	208	138	267	232	175	102	277	106
28,35	208	138	267	232	175	102	277	106
28,37	208	138	267	232	175	102	277	106
28,38	208	138	267	232	175	102	277	106
28,40	208	138	267	232	175	102	277	106
28,41	208	138	267	232	175	102	277	106
28,43	208	137	267	232	175	102	277	106
28,44	208	137	267	232	175	102	277	106
28,46	208	137	267	232	175	102	278	106
28,47	208	137	267	232	175	102	278	106
28,49	208	137	267	232	175	102	278	106
28,50	208	137	267	232	175	102	278	106
28,51	208	137	267	232	175	102	278	106
28,53	208	137	267	232	175	102	278	106
28,54	208	137	267	232	175	102	278	106
28,56	208	137	267	232	175	102	278	106
28,57	208	137	267	232	175	102	278	106
28,59	208	137	267	232	175	102	278	106
28,60	208	137	267	232	175	102	278	106
28,62	208	137	267	232	175	102	278	106
28,63	208	137	267	232	175	102	278	106
28,65	208	137	267	232	175	102	278	106
28,66	208	137	267	232	175	102	278	106
28,68	208	137	267	232	175	102	278	106
28,69	208	137	267	232	175	102	278	106
28,71	208	137	267	232	175	102	278	106
28,72	208	137	267	232	175	102	278	106
28,74	208	137	267	232	175	102	278	106
28,75	208	137	267	232	175	102	278	106
28,76	208	137	267	232	175	102	278	106
28,78	208	137	267	232	175	102	278	106
28,79	208	137	267	232	175	102	278	106
28,81	208	137	267	232	175	102	278	106
28,82	208	137	267	232	175	102	278	106
28,84	208	137	267	232	175	102	278	106
28,85	208	137	267	232	175	102	278	106
28,87	208	137	267	232	175	102	278	106
28,88	208	137	267	232	175	102	278	106
28,90	208	137	267	232	175	102	278	106
28,91	208	137	267	231	175	102	278	106
28,93	208	137	267	231	175	102	278	106
28,94	208	137	267	231	175	102	278	106
28,96	208	137	267	231	175	102	278	106
28,97	208	137	267	231	175	102	278	106
28,99	208	137	267	231	175	102	277	106
29,00	208	137	267	231	175	102	277	106
29,01	208	137	267	231	175	102	277	106
29,03	208	137	267	230	175	102	277	106
29,04	208	137	267	230	175	102	277	106
29,06	208	137	267	230	175	102	277	106
29,07	208	137	267	230	175	102	277	106
29,09	208	137	267	230	175	102	278	106
29,10	208	137	267	230	175	102	278	106
29,12	208	137	266	230	175	102	278	106
29,13	208	137	266	230	175	102	278	106
29,15	208	137	266	230	175	102	278	106
29,16	208	137	266	230	175	102	278	106
29,18	208	137	266	230	175	102	278	106
29,19	208	137	266	230	175	102	278	106
29,21	208	137	266	230	175	102	278	106
29,22	208	137	266	230	175	102	278	106
29,24	208	137	266	230	175	102	278	105
29,25	208	137	266	230	175	102	278	105
29,27	208	137	266	230	175	102	278	105
29,28	208	137	266	230	175	102	278	105
29,30	208	137	266	230	175	102	277	105
29,31	208	137	266	230	175	102	277	105
29,33	208	137	266	230	175	102	277	105
29,34	208	137	266	230	175	102	277	105
29,36	208	137	266	230	175	102	277	105
29,37	208	137	266	230	175	102	277	105
29,39	208	137	266	230	175	102	277	105
29,40	208	137	266	230	175	102	276	105
29,42	208	137	266	230	175	102	276	105
29,43	208	137	266	230	175	102	276	105
29,45	208	137	266	230	175	102	276	105
29,46	208	137	266	230	175	102	276	105
29,48	208	137	266	230	175	102	276	105
29,49	208	137	266	230	175	102	276	105
29,51	208	137	266	230	175	102	276	105
29,52	208	137	266	230	175	102	276	105
29,54	208	137	266	230	175	102	276	105
29,55	208	137	266	230	175	102	276	105
29,57	208	137	266	230	175	102	276	105
29,58	208	137	266	230	175	102	276	105
29,60	208	137	266	230	175	102	276	105
29,61	208	137	266	230	175	102	276	105
29,63	208	137	266	231	175	102	276	105
29,64	208	137	266	231	175	102	276	105
29,66	208	137	266	231	175	102	276	105
29,67	208	137	266	231	175	102	276	105
29,69	208	138	266	231	175	102	276	105
29,70	208	138	266	231	175	102	276	105
29,72	208	138	267	231	175	102	277	105
29,73	208	138	267	231	175	102	277	105
29,75	208	138	267	231	175	102	277	105
29,76	208	138	267	231	175	102	277	105
29,78	208	138	267	231	175	102	277	105
29,79	208	138	267	231	175	102	277	105
29,81	208	138	267	231	175	102	277	105
29,82	208	138	267	231	175	102	277	105
29,84	208	138	267	231	175	102	277	105
29,85	208	138	267	231	175	102	277	105
29,87	208	138	267	232	175	102	277	105
29,88	208	138	267	232	175	102	277	105
29,90	208	138	267	232	175	102	277	105
29,91	208	138	267	232	175	102	277	105
29,93	208	138	267	232	175	102	277	105
29,94	208	138	267	232	175	102	277	105
29,96	208	138	267	232	175	102	277	105
29,97	208	138	267	232	175	102	277	105
29,99	208	138	267	232	175	102	277	105
