Time	S1_A	S1_B	S2_A	S2_B	S3_A	S3_B	S4_A	S4_B
0,00	201	103	268	212	164	90	257	95
0,03	201	103	268	212	164	90	264	96
0,06	201	104	268	212	164	90	264	96
0,09	201	104	268	212	164	90	264	96
0,12	201	104	268	212	164	91	264	96
0,15	201	104	268	212	164	91	264	96
0,18	201	104	268	212	164	91	264	96
0,21	201	104	268	212	164	91	264	96
0,24	201	104	268	214	164	91	268	96
0,26	201	104	268	214	164	91	268	96
0,29	201	104	268	214	164	91	268	97
0,32	201	107	268	214	164	93	268	97
0,35	202	107	268	214	164	93	268	97
0,38	202	107	268	214	165	93	268	97
0,41	202	107	268	214	165	93	268	97
0,44	202	107	268	214	165	93	269	97
0,47	202	107	268	216	165	93	269	97
0,50	202	107	268	216	165	93	269	97
0,53	202	107	268	216	165	93	269	98
0,56	202	113	268	216	165	95	269	98
0,59	202	113	268	216	165	95	269	98
0,62	202	113	268	216	166	95	269	98
0,65	202	113	268	216	166	95	270	98
0,68	202	113	268	216	166	95	270	98
0,71	202	113	268	217	166	95	270	98
0,74	202	113	268	217	166	95	270	98
0,76	202	113	268	217	166	95	270	98
0,79	202	113	268	217	166	96	270	99
0,82	202	118	268	217	166	96	270	99
0,85	202	118	268	217	166	96	270	99
0,88	202	118	268	217	166	96	270	99
0,91	202	118	268	217	166	96	270	99
0,94	202	118	268	218	166	96	270	99
0,97	202	118	268	218	166	96	270	99
1,00	202	118	268	218	166	97	270	99
1,01	202	118	268	218	166	97	270	100
1,03	202	119	268	218	167	97	270	100
1,04	202	119	268	218	167	97	270	100
1,06	202	119	268	218	167	97	270	100
1,07	202	119	268	218	167	97	270	100
1,09	202	119	268	219	167	97	270	100
1,10	202	119	268	219	167	97	270	100
1,12	202	119	268	219	167	98	270	100
1,13	202	119	268	219	167	98	270	100
1,15	202	119	268	219	168	98	270	101
1,16	202	120	268	219	168	98	270	101
1,18	202	120	268	219	168	98	270	101
1,19	202	120	268	219	168	98	270	101
1,21	202	120	268	219	168	98	270	101
1,22	202	120	268	219	168	98	270	101
1,24	202	120	268	219	168	98	270	101
1,25	202	120	268	219	168	98	269	101
1,26	202	120	268	219	168	98	269	102
1,28	202	120	268	219	168	98	269	102
1,29	202	120	268	219	168	98	269	102
1,31	202	120	268	219	168	98	269	102
1,32	202	120	268	220	168	98	269	102
1,34	202	120	268	220	168	99	269	102
1,35	202	120	268	220	168	99	269	102
1,37	202	120	268	220	168	99	269	102
1,38	202	120	268	220	168	99	269	102
1,40	202	120	268	220	168	99	269	103
1,41	202	121	268	220	168	99	269	103
1,43	202	121	268	220	168	99	269	103
1,44	202	121	268	221	168	99	269	103
1,46	202	121	268	221	168	99	270	103
1,47	202	121	268	221	168	99	270	103
1,49	202	121	268	221	169	99	270	103
1,50	202	121	268	221	169	99	270	103
1,51	202	121	268	221	169	99	270	103
1,53	202	121	268	221	169	99	270	103
1,54	202	121	268	221	169	99	270	103
1,56	202	121	268	221	169	99	271	103
1,57	202	121	268	221	169	99	271	103
1,59	202	121	268	221	169	99	271	103
1,60	202	121	268	221	169	99	271	103
1,62	202	121	268	221	169	99	271	103
1,63	202	121	268	221	169	99	271	103
1,65	202	121	268	221	169	99	271	103
1,66	202	121	268	221	169	99	271	103
1,68	202	121	268	221	169	99	271	103
1,69	202	121	268	221	169	99	271	103
1,71	202	121	268	221	169	99	271	103
1,72	202	121	268	221	169	99	271	103
1,74	202	121	268	221	169	99	271	103
1,75	202	121	268	221	169	99	271	103
1,76	202	121	268	221	169	99	271	103
1,78	202	120	268	221	169	98	271	103
1,79	202	120	268	221	169	98	271	103
1,81	202	120	268	220	169	98	271	103
1,82	202	120	268	220	168	98	271	103
1,84	202	120	268	220	168	98	271	103
1,85	202	120	268	220	168	98	271	103
1,87	202	120	268	220	168	98	271	103
1,88	202	120	268	220	168	98	271	103
1,90	202	120	268	220	168	98	271	102
1,91	202	120	268	220	168	98	271	102
1,93	202	120	268	220	168	98	271	102
1,94	202	120	268	220	168	98	271	102
1,96	202	120	268	220	168	98	271	102
1,97	202	120	268	220	168	98	270	102
1,99	202	120	268	220	168	98	270	102
2,00	202	120	268	220	168	98	270	102
2,01	202	120	268	220	168	98	270	101
2,03	202	120	268	220	168	98	270	101
2,04	202	120	268	219	168	98	270	101
2,06	202	120	268	219	167	98	270	101
2,07	202	120	268	219	167	98	270	101
2,09	202	120	268	219	167	98	270	101
2,10	202	120	268	219	167	98	270	101
2,12	202	120	268	219	167	97	270	101
2,13	202	120	268	219	167	97	270	101
2,15	202	120	268	219	167	97	270	100
2,16	202	119	268	218	167	97	270	100
2,18	202	119	268	218	167	97	270	100
2,19	202	119	268	218	167	97	270	100
2,21	202	119	268	218	167	97	270	100
2,22	202	119	268	218	167	96	270	100
2,24	202	119	268	218	167	96	270	100
2,25	202	119	268	218	167	96	270	100
2,26	202	119	268	218	167	96	270	99
2,28	202	119	268	217	166	96	270	99
2,29	203	119	268	217	166	96	269	99
2,31	203	119	268	217	166	96	269	99
2,32	203	119	268	217	166	96	269	99
2,34	203	119	268	217	166	95	269	99
2,35	203	119	268	217	166	95	269	99
2,37	203	119	268	217	166	95	269	99
2,38	203	119	268	217	166	95	269	99
2,40	203	119	268	217	166	95	269	98
2,41	203	118	268	217	166	95	269	98
2,43	203	118	268	217	166	95	269	98
2,44	203	118	268	217	166	94	269	98
2,46	203	118	268	217	166	94	269	98
2,47	203	118	268	217	166	94	269	98
2,49	203	118	268	217	166	94	269	98
2,50	203	118	268	217	166	94	269	98
2,51	203	118	268	216	165	94	269	97
2,53	203	117	268	216	165	94	269	97
2,54	202	117	268	216	165	94	269	97
2,56	202	117	268	216	165	94	269	97
2,57	202	117	268	216	165	94	269	97
2,59	202	117	268	216	165	94	269	97
2,60	202	117	268	216	165	94	268	97
2,62	202	117	268	216	165	94	268	97
2,63	202	117	268	216	165	94	268	97
2,65	202	117	268	216	165	94	268	97
2,66	202	114	268	216	165	94	268	97
2,68	202	114	268	216	165	93	268	97
2,69	202	114	268	216	165	93	268	97
2,71	202	114	268	216	165	93	268	97
2,72	202	114	268	216	165	93	268	97
2,74	202	114	268	216	164	93	268	97
2,75	202	114	268	216	164	93	268	97
2,76	202	114	268	216	164	93	268	96
2,78	201	112	268	216	164	93	268	96
2,79	201	112	268	216	164	93	268	96
2,81	201	112	268	216	164	93	267	96
2,82	201	112	268	216	164	93	267	96
2,84	201	112	268	216	164	93	267	96
2,85	201	112	268	216	164	93	267	96
2,87	201	112	268	216	164	93	267	96
2,88	201	112	268	215	164	93	267	96
2,90	201	112	268	215	164	94	267	96
2,91	201	113	268	215	164	94	267	96
2,93	201	113	268	215	164	94	267	96
2,94	201	113	268	215	164	94	267	96
2,96	201	113	268	215	164	94	267	96
2,97	201	113	268	215	164	94	267	96
2,99	201	113	268	215	164	94	267	96
3,00	201	113	268	215	164	94	267	96
3,01	201	113	268	215	164	94	266	96
3,03	200	114	268	215	164	94	266	96
3,04	200	114	268	215	164	94	266	96
3,06	200	114	268	215	164	94	266	96
3,07	200	114	268	215	164	94	266	96
3,09	200	114	268	215	164	94	266	96
3,10	200	114	268	215	164	94	266	96
3,12	200	114	268	215	164	94	265	96
3,13	200	114	268	215	164	94	265	96
3,15	200	114	268	215	164	94	265	97
3,16	200	116	268	215	164	94	265	97
3,18	200	116	268	215	164	94	265	97
3,19	200	116	268	215	164	94	265	97
3,21	200	116	268	215	164	94	265	97
3,22	200	116	268	215	164	94	265	97
3,24	200	116	268	216	164	94	264	97
3,25	200	116	268	216	164	94	264	97
3,26	200	116	268	216	164	94	264	97
3,28	200	116	268	216	164	94	264	97
3,29	200	116	268	216	164	94	264	97
3,31	200	116	268	216	164	94	264	97
3,32	200	116	268	216	164	94	264	97
3,34	200	116	268	216	164	94	262	97
3,35	200	116	268	216	164	94	262	97
3,37	200	116	267	216	164	94	262	97
3,38	200	116	267	216	164	94	262	97
3,40	200	116	267	216	164	94	262	97
3,41	200	117	267	216	165	94	262	97
3,43	200	117	267	216	165	94	262	97
3,44	200	117	267	216	165	94	260	97
3,46	200	117	267	216	165	95	260	97
3,47	200	117	267	216	165	95	260	97
3,49	200	117	267	216	165	95	260	97
3,50	200	117	267	216	165	95	260	97
3,51	200	117	267	216	165	95	260	98
3,53	200	117	267	216	165	95	260	98
3,54	200	117	267	216	165	95	259	98
3,56	200	117	267	216	165	95	259	98
3,57	200	117	267	216	165	95	259	98
3,59	200	117	267	216	165	95	259	98
3,60	200	117	267	216	165	95	259	98
3,62	200	117	268	216	165	95	259	98
3,63	200	117	268	216	165	95	259	112
3,65	199	117	268	216	169	95	277	112
3,66	199	118	268	216	169	95	277	112
3,68	199	118	268	216	169	101	277	112
3,69	199	118	268	216	169	101	277	112
3,71	199	118	268	221	169	101	277	112
3,72	199	118	268	221	169	101	277	112
3,74	199	118	268	221	169	101	277	112
3,75	199	118	268	221	190	101	306	112
3,76	199	118	268	221	190	101	306	154
3,78	200	119	268	221	190	132	306	154
3,79	200	119	268	221	190	132	306	154
3,81	200	119	268	221	190	132	306	154
3,82	200	119	268	233	190	132	306	154
3,84	200	119	268	233	190	132	306	154
3,85	200	119	268	233	190	132	298	154
3,87	200	119	268	233	214	132	298	154
3,88	200	119	268	233	214	132	298	152
3,90	200	119	268	233	214	151	298	152
3,91	200	99	268	233	214	151	298	152
3,93	200	99	268	233	214	151	298	152
3,94	200	99	268	243	214	151	298	152
3,96	200	99	268	243	214	151	229	152
3,97	200	99	268	243	214	151	229	152
3,99	200	99	268	243	229	151	229	152
4,00	200	99	268	243	229	160	229	152
4,01	200	99	268	243	229	160	229	109
4,03	200	110	268	243	229	160	229	109
4,04	200	110	268	243	229	160	229	109
4,06	200	110	268	243	229	160	229	109
4,07	200	110	268	271	229	160	212	109
4,09	200	110	268	271	229	160	212	109
4,10	200	110	268	271	178	160	212	109
4,12	200	110	268	271	178	118	212	109
4,13	200	110	268	271	178	118	212	96
4,14	209	110	268	271	178	118	212	96
4,16	209	140	268	271	178	118	212	96
4,17	209	140	268	271	178	118	228	96
4,19	209	140	268	280	178	118	228	96
4,20	209	140	278	280	148	118	228	96
4,22	209	140	278	280	148	118	228	96
4,23	209	140	278	280	148	93	228	96
4,25	209	140	278	280	148	93	228	96
4,26	271	140	278	280	148	93	228	98
4,28	271	189	278	280	148	93	197	98
4,29	271	189	278	280	148	93	197	98
4,30	271	189	278	215	148	93	197	98
4,32	271	189	278	215	160	93	197	98
4,33	271	189	253	215	160	95	197	98
4,35	271	189	253	215	160	95	197	98
4,36	271	189	253	215	160	95	197	98
4,38	271	189	253	215	160	95	193	98
4,39	240	189	253	215	160	95	193	98
4,41	240	160	253	215	160	95	193	98
4,42	240	160	253	197	160	95	193	98
4,43	240	160	253	197	164	95	193	98
4,45	240	160	289	197	164	95	193	98
4,46	240	160	289	197	164	95	193	98
4,48	240	160	289	197	164	95	218	98
4,49	240	160	289	197	164	95	218	98
4,51	173	160	289	197	164	95	218	97
4,52	173	97	289	197	164	95	218	97
4,54	173	97	289	216	164	95	218	97
4,55	173	97	289	216	164	95	218	97
4,57	173	97	271	216	164	95	218	97
4,58	173	97	271	216	164	95	229	97
4,59	173	97	271	216	164	95	229	97
4,61	173	97	271	216	164	95	229	97
4,62	173	97	271	216	164	95	229	97
4,64	218	97	271	216	164	95	229	97
4,65	218	115	271	215	164	95	229	97
4,67	218	115	271	215	164	95	229	97
4,68	218	115	264	215	164	95	227	97
4,70	218	115	264	215	164	95	227	97
4,71	218	115	264	215	164	95	227	97
4,72	218	115	264	215	164	95	227	97
4,74	218	115	264	215	164	95	227	97
4,75	215	115	264	215	164	95	227	96
4,77	215	109	264	215	164	95	227	96
4,78	215	109	264	215	164	95	220	96
4,80	215	109	269	215	164	95	220	96
4,81	215	109	269	215	164	95	220	96
4,83	215	109	269	215	164	95	220	96
4,84	215	109	269	215	164	95	220	96
4,86	215	109	269	215	164	95	220	96
4,87	215	109	269	215	163	95	220	96
4,88	170	109	269	213	163	95	220	96
4,90	170	99	269	213	163	95	200	96
4,91	170	99	288	213	163	95	200	96
4,93	170	99	288	213	163	95	200	96
4,94	170	99	288	213	163	95	200	96
4,96	170	99	288	213	163	95	200	96
4,97	170	99	288	213	163	95	200	96
4,99	170	99	288	213	150	95	200	96
5,00	233	99	288	179	150	95	172	96
5,01	233	182	288	179	150	95	172	96
5,03	233	182	242	179	150	95	172	96
5,04	233	182	242	179	150	95	172	96
5,06	233	182	242	179	150	95	172	96
5,07	233	182	242	179	150	95	172	96
5,09	233	182	242	179	150	95	172	96
5,10	233	182	242	179	155	92	196	96
5,12	233	182	242	252	155	92	196	96
5,13	249	182	242	252	155	92	196	96
5,15	249	162	247	252	155	92	196	96
5,16	249	162	247	252	155	92	196	96
5,18	249	162	247	252	155	92	196	96
5,19	249	162	247	252	155	92	196	96
5,21	249	162	247	252	200	92	213	96
5,22	249	162	247	252	200	147	213	96
5,24	249	162	247	252	200	147	213	96
5,25	183	162	247	287	200	147	213	96
5,26	183	103	260	287	200	147	213	96
5,28	183	103	260	287	200	147	213	96
5,29	183	103	260	287	200	147	213	96
5,31	183	103	260	287	200	147	256	96
5,32	183	103	260	287	267	201	256	96
5,34	183	103	260	287	267	201	256	96
5,35	183	103	260	287	267	201	256	96
5,37	183	103	260	218	267	201	256	187
5,38	180	103	260	218	267	201	256	187
5,40	180	105	257	218	267	201	256	187
5,41	180	105	257	218	267	201	321	187
5,43	180	105	257	218	267	201	321	187
5,44	180	105	257	218	193	128	321	187
5,46	180	105	257	218	193	128	321	187
5,47	180	105	257	218	193	128	321	187
5,49	180	105	257	215	193	128	321	187
5,50	179	105	257	215	193	128	321	190
5,51	179	115	256	215	193	128	296	190
5,53	179	115	256	215	193	128	296	190
5,54	179	115	256	215	193	103	296	190
5,56	179	115	256	215	164	103	296	190
5,57	179	115	256	215	164	103	296	190
5,59	179	115	256	215	164	103	296	190
5,60	179	115	256	215	164	103	296	190
5,62	179	115	256	215	164	103	249	111
5,63	180	115	257	215	164	103	249	111
5,65	180	116	257	215	164	103	249	111
5,66	180	116	257	215	164	94	249	111
5,68	180	116	257	215	164	94	249	111
5,69	180	116	257	215	164	94	249	111
5,71	180	116	257	215	164	94	249	111
5,72	180	116	257	215	164	94	249	111
5,74	180	116	257	215	164	94	248	111
5,75	182	116	259	215	164	94	248	96
5,76	182	116	259	215	164	94	248	96
5,78	182	116	259	215	164	94	248	96
5,79	182	116	259	215	164	94	248	96
5,81	182	116	259	215	164	94	248	96
5,82	182	116	259	215	164	94	248	96
5,84	182	116	259	215	164	94	252	96
5,85	182	116	259	215	164	94	252	96
5,87	182	116	262	215	164	94	252	96
5,88	186	116	262	215	163	93	252	96
5,90	186	112	262	215	163	93	252	96
5,91	186	112	262	215	163	93	252	96
5,93	186	112	262	215	163	93	252	96
5,94	186	112	262	215	163	93	250	96
5,96	186	112	262	214	163	93	250	96
5,97	186	112	262	214	163	93	250	96
5,99	186	112	265	214	163	93	250	96
6,00	192	112	265	214	163	91	250	95
6,01	192	107	265	214	163	91	250	95
6,03	192	107	265	214	163	91	250	95
6,04	192	107	265	214	163	91	247	95
6,06	192	107	265	214	163	91	247	95
6,07	192	107	265	212	163	91	247	95
6,09	192	107	265	212	163	91	247	95
6,10	192	107	267	212	163	88	247	95
6,12	192	107	267	212	163	88	247	95
6,13	195	107	267	212	163	88	247	95
6,15	195	103	267	212	163	88	244	95
6,16	195	103	267	212	163	88	244	95
6,18	195	103	267	212	163	88	244	95
6,19	195	103	267	210	163	88	244	95
6,21	195	103	267	210	163	88	244	95
6,22	195	103	267	210	163	88	244	95
6,24	195	103	267	210	163	88	244	95
6,25	197	103	267	210	163	88	242	94
6,26	197	100	267	210	163	88	242	94
6,28	197	100	267	210	163	88	242	94
6,29	197	100	267	210	163	88	242	94
6,31	197	100	267	209	163	88	242	94
6,32	197	100	267	209	163	87	242	94
6,34	197	100	267	209	163	87	242	94
6,35	197	100	267	209	163	87	242	94
6,37	200	100	267	209	163	87	242	93
6,38	200	100	267	209	163	87	242	93
6,40	200	99	267	209	163	87	242	93
6,41	200	99	267	209	163	87	242	93
6,43	200	99	267	209	163	87	242	93
6,44	200	99	267	209	163	87	242	93
6,46	200	99	267	209	163	87	242	93
6,47	200	99	267	209	163	87	241	93
6,49	200	99	267	209	163	87	241	93
6,50	201	99	267	209	163	87	241	93
6,51	201	99	267	209	163	87	241	93
6,53	201	99	267	209	163	87	241	93
6,54	201	99	267	209	163	87	241	93
6,56	201	99	267	210	163	87	241	93
6,57	201	99	267	210	163	87	245	93
6,59	201	99	267	210	163	87	245	93
6,60	201	99	267	210	163	87	245	93
6,62	201	99	267	210	163	87	245	93
6,63	201	99	267	210	163	87	245	93
6,65	201	99	267	210	163	87	245	93
6,66	201	99	267	210	163	88	245	93
6,68	201	99	267	211	163	88	247	93
6,69	201	99	267	211	163	88	247	93
6,71	201	99	267	211	163	88	247	93
6,72	201	99	267	211	163	88	247	93
6,74	201	99	267	211	163	88	247	94
6,75	201	99	267	211	163	88	247	94
6,76	201	101	267	211	163	88	247	94
6,78	201	101	267	211	163	89	247	94
6,79	201	101	267	212	164	89	247	94
6,81	201	101	267	212	164	89	247	94
6,82	201	101	267	212	164	89	247	94
6,84	201	101	267	212	164	89	247	94
6,85	201	101	267	212	164	89	247	94
6,87	201	101	267	212	164	89	247	95
6,88	201	101	267	212	164	91	247	95
6,90	201	103	267	212	164	91	247	95
6,91	201	103	267	213	164	91	247	95
6,93	201	103	267	213	164	91	247	95
6,94	201	103	267	213	164	91	247	95
6,96	201	103	267	213	164	91	247	95
6,97	201	103	267	213	164	91	247	95
6,99	201	103	267	213	164	91	247	95
7,00	201	103	267	213	164	92	246	95
7,01	201	104	267	213	164	92	246	95
7,03	201	104	267	214	164	92	246	95
7,04	201	104	267	214	164	92	246	95
7,06	201	104	267	214	164	92	246	95
7,07	201	104	267	214	164	92	246	95
7,09	201	104	267	214	164	92	246	95
7,10	201	104	267	214	164	92	245	95
7,12	200	104	267	214	164	92	245	95
7,13	200	104	267	214	163	92	245	95
7,15	200	104	267	214	163	92	245	95
7,16	200	104	267	214	163	92	245	95
7,18	200	104	267	214	163	92	245	95
7,19	200	104	267	214	163	92	245	95
7,21	200	104	267	214	163	92	245	95
7,22	200	104	267	214	163	93	245	95
7,24	200	104	267	214	163	93	245	95
7,25	200	104	267	214	163	93	245	95
7,26	200	104	267	214	163	93	245	95
7,28	200	104	267	214	163	93	245	95
7,29	200	104	267	214	163	93	245	95
7,31	200	104	267	214	163	93	247	95
7,32	200	104	267	214	163	93	247	95
7,34	200	104	267	214	163	93	247	95
7,35	200	104	267	214	163	93	247	95
7,37	200	104	267	214	163	93	247	95
7,38	200	104	267	214	163	93	247	95
7,40	200	105	267	214	163	93	247	95
7,41	200	105	267	214	163	93	249	95
7,43	200	105	267	214	163	93	249	95
7,44	200	105	267	214	163	93	249	95
7,46	200	105	267	214	163	93	249	95
7,47	200	105	267	214	164	93	249	95
7,49	200	105	267	214	164	93	249	96
7,50	200	105	267	214	164	93	249	96
7,51	200	106	267	214	164	93	250	96
7,53	200	106	267	214	164	93	250	96
7,54	200	106	267	214	164	93	250	96
7,56	200	106	267	214	164	94	250	96
7,57	200	106	267	214	164	94	250	96
7,59	200	106	267	214	164	94	250	96
7,60	200	106	267	214	164	94	250	96
7,62	200	106	267	215	164	94	250	96
7,63	200	107	267	215	164	94	250	96
7,65	200	107	267	215	164	94	250	96
7,66	200	107	267	215	164	94	250	96
7,68	200	107	267	215	164	94	250	96
7,69	200	107	267	215	164	94	250	96
7,71	200	107	267	215	164	94	250	96
7,72	200	107	267	215	164	94	250	96
7,74	201	107	267	215	164	94	250	96
7,75	201	107	267	215	164	94	250	96
7,76	201	107	267	215	164	94	250	96
7,78	201	107	267	215	164	94	250	96
7,79	201	107	267	215	164	94	250	96
7,81	201	107	267	215	164	94	250	96
7,82	201	107	267	215	164	94	250	96
7,84	201	107	267	215	164	94	249	96
7,85	201	107	267	215	164	94	249	96
7,87	201	107	267	215	164	94	249	96
7,88	201	107	267	215	164	94	249	96
7,90	201	107	267	215	164	94	249	96
7,91	201	107	267	215	164	94	249	96
7,93	201	107	267	215	164	94	249	96
7,94	201	107	267	215	164	94	248	96
7,96	201	107	267	215	164	94	248	96
7,97	201	107	267	215	164	94	248	96
7,99	201	107	267	215	164	94	248	96
8,00	201	107	267	215	164	94	248	96
8,01	201	107	267	215	164	94	248	96
8,03	201	107	267	215	164	94	248	96
8,04	201	107	267	215	164	94	248	96
8,06	201	107	267	215	164	94	248	96
8,07	201	107	267	215	164	94	248	96
8,09	201	107	267	215	164	94	248	96
8,10	201	107	267	215	164	94	248	96
8,12	201	107	267	215	164	94	248	96
8,13	201	108	267	215	164	94	248	96
8,15	201	108	267	215	164	94	248	96
8,16	201	108	267	215	164	94	248	96
8,18	201	108	267	215	164	94	248	96
8,19	201	108	267	215	164	94	248	96
8,21	201	108	267	215	164	94	248	96
8,22	201	108	267	215	164	94	248	96
8,24	201	108	267	215	164	94	248	96
8,25	201	108	267	215	164	94	248	96
8,26	201	108	267	215	164	94	248	96
8,28	201	108	267	215	164	94	248	96
8,29	201	108	267	215	164	94	248	96
8,31	201	108	267	215	164	94	248	96
8,32	201	108	267	215	164	94	248	96
8,34	201	108	267	215	164	94	248	96
8,35	201	108	267	215	164	94	248	96
8,37	201	108	267	215	164	94	249	96
8,38	201	109	267	215	164	94	249	96
8,40	201	109	267	215	164	94	249	96
8,41	201	109	267	215	164	94	249	96
8,43	201	109	267	215	164	94	249	96
8,44	201	109	267	215	164	94	249	96
8,46	201	109	267	215	164	94	249	96
8,47	201	109	267	215	164	94	251	96
8,49	201	109	267	215	164	94	251	96
8,50	201	109	267	215	164	94	251	96
8,51	201	109	267	215	164	94	251	96
8,53	201	109	267	215	164	94	251	96
8,54	201	109	267	215	164	94	251	96
8,56	201	109	267	215	164	94	251	96
8,57	201	109	267	215	164	94	252	96
8,59	201	109	267	215	164	94	252	96
8,60	201	109	267	215	164	94	252	96
8,62	201	109	267	215	164	94	252	97
8,63	201	110	267	215	164	94	252	97
8,65	201	110	267	215	164	94	252	97
8,66	201	110	267	215	164	94	252	97
8,68	201	110	267	215	164	94	252	97
8,69	201	110	267	215	164	94	252	97
8,71	201	110	267	215	164	94	252	97
8,72	201	110	267	215	164	94	252	97
8,74	201	110	267	215	164	94	252	96
8,75	201	110	267	215	164	94	252	96
8,76	201	110	267	215	164	94	252	96
8,78	201	110	267	215	164	94	252	96
8,79	201	110	267	215	164	94	252	96
8,81	201	110	267	215	164	94	252	96
8,82	201	110	267	215	164	94	252	96
8,84	201	110	267	215	164	94	252	96
8,85	201	110	267	215	164	94	252	96
8,87	201	110	267	215	164	94	252	96
8,88	201	110	267	215	164	94	252	96
8,90	201	110	267	215	164	94	252	96
8,91	201	110	267	215	164	94	252	96
8,93	201	110	267	215	164	94	252	96
8,94	201	110	267	215	164	94	252	96
8,96	201	110	267	215	164	94	252	96
8,97	201	110	267	215	164	94	252	96
8,99	201	110	267	215	164	94	252	96
9,00	201	110	267	215	164	93	252	96
9,01	201	111	267	215	164	93	252	96
9,03	201	111	267	215	164	93	252	96
9,04	201	111	267	215	164	93	252	96
9,06	201	111	267	215	164	93	252	96
9,07	201	111	267	215	164	93	252	96
9,09	201	111	267	215	164	93	252	96
9,10	201	111	267	215	164	93	253	96
9,12	201	111	267	215	164	93	253	96
9,13	201	111	267	215	164	93	253	96
9,14	201	111	267	215	164	93	253	96
9,16	201	111	267	215	164	93	253	96
9,17	201	111	267	215	164	93	253	96
9,19	201	111	267	215	164	93	253	96
9,20	201	111	267	215	164	93	256	96
9,22	201	111	267	215	164	93	256	96
9,23	201	111	267	215	164	93	256	96
9,25	201	111	267	215	164	93	256	96
9,26	201	112	267	215	164	93	256	96
9,28	201	112	267	215	164	93	256	96
9,29	201	112	267	215	164	93	256	96
9,30	201	112	267	215	164	93	256	96
9,32	201	112	267	215	164	93	256	96
9,33	201	112	267	215	164	93	256	96
9,35	201	112	267	215	164	93	256	96
9,36	201	112	267	215	164	93	256	96
9,38	201	112	267	215	164	93	256	96
9,39	201	112	267	215	164	93	256	96
9,41	201	112	267	215	164	93	257	96
9,42	201	112	267	215	164	93	257	96
9,43	201	112	268	215	164	93	257	96
9,45	201	112	268	215	164	93	257	96
9,46	201	112	268	215	164	93	257	96
9,48	201	112	268	215	164	93	257	96
9,49	201	112	268	215	164	93	257	96
9,51	201	112	268	215	164	93	257	96
9,52	201	112	268	215	164	93	257	96
9,54	201	112	268	215	164	93	257	96
9,55	201	112	268	215	164	93	257	96
9,57	201	112	268	215	164	93	257	96
9,58	201	112	268	215	164	93	257	96
9,59	201	112	268	215	164	93	257	96
9,61	201	112	268	215	164	93	258	96
9,62	201	112	268	215	164	93	258	96
9,64	201	112	268	215	164	93	258	96
9,65	201	112	268	215	164	93	258	96
9,67	201	112	268	215	164	93	258	96
9,68	201	112	268	215	164	93	258	96
9,70	201	112	268	215	164	93	258	96
9,71	201	112	268	215	164	93	258	96
9,72	201	112	268	215	164	93	259	96
9,74	201	112	268	215	164	93	259	96
9,75	201	112	268	215	164	93	259	96
9,77	201	112	268	215	164	93	259	96
9,78	201	112	268	215	164	93	259	96
9,80	201	112	268	215	164	93	259	96
9,81	201	112	268	215	164	93	259	96
9,83	201	112	268	215	164	93	258	96
9,84	201	112	268	215	164	93	258	96
9,86	201	112	268	215	164	93	258	96
9,87	201	112	268	215	164	93	258	96
9,88	201	112	268	215	164	93	258	96
9,90	201	112	268	215	164	93	258	96
9,91	201	112	268	215	164	93	258	96
9,93	201	112	268	215	164	93	259	96
9,94	201	112	268	215	164	93	259	96
9,96	201	112	268	215	164	93	259	96
9,97	201	112	268	215	164	93	259	96
9,99	201	112	268	215	164	93	259	96
10,00	201	112	268	215	164	93	259	96
10,01	201	112	268	215	164	93	259	96
10,03	201	112	268	215	164	93	259	96
10,04	201	112	268	215	164	93	259	96
10,06	201	112	268	215	164	93	259	96
10,07	201	112	268	215	164	93	259	96
10,09	201	112	268	215	164	93	259	96
10,10	201	112	268	215	164	93	259	96
10,12	201	113	268	215	164	93	259	96
10,13	201	113	268	215	164	93	259	96
10,15	201	113	268	215	164	93	259	96
10,16	201	113	268	215	164	93	259	96
10,18	201	113	268	215	164	93	259	96
10,19	201	113	268	215	164	93	259	96
10,21	201	113	268	215	164	93	259	96
10,22	201	113	268	215	164	93	259	96
10,24	201	113	268	215	164	93	260	96
10,25	201	114	268	215	164	93	260	96
10,26	201	114	268	215	164	93	260	96
10,28	201	114	268	215	164	93	260	96
10,29	201	114	268	215	164	93	260	96
10,31	201	114	268	215	164	93	260	96
10,32	201	114	268	215	164	94	260	96
10,34	201	114	268	215	164	94	260	96
10,35	201	114	268	215	164	94	260	96
10,37	201	115	268	215	164	94	260	96
10,38	201	115	268	215	164	94	260	96
10,40	201	115	268	215	164	94	260	96
10,41	201	115	268	215	164	94	260	96
10,43	201	115	268	215	164	94	260	96
10,44	201	115	268	215	164	94	260	96
10,46	201	115	268	215	164	94	260	96
10,47	201	115	268	215	164	94	260	96
10,49	201	115	268	215	164	94	260	96
10,50	201	115	268	215	164	94	260	96
10,51	201	115	268	215	164	94	260	96
10,53	201	115	268	215	164	94	260	96
10,54	201	115	268	215	164	94	260	96
10,56	201	115	268	215	164	94	260	96
10,57	201	115	268	215	164	94	260	96
10,59	201	115	268	215	164	94	260	96
10,60	201	115	268	215	164	94	260	96
10,62	201	115	268	215	164	94	260	96
10,63	201	115	268	215	164	94	260	96
10,65	201	115	268	215	164	94	260	96
10,66	201	115	268	215	164	94	261	96
10,68	201	115	268	215	164	94	261	96
10,69	201	115	268	215	164	94	261	96
10,71	201	115	268	215	164	94	261	96
10,72	201	115	268	215	164	94	261	96
10,74	201	115	267	215	164	94	261	96
10,75	201	114	267	215	164	94	261	96
10,76	201	114	267	215	164	94	261	96
10,78	201	114	267	215	164	94	261	96
10,79	201	114	267	215	164	94	261	96
10,81	201	114	267	215	164	94	261	96
10,82	201	114	267	215	164	94	261	96
10,84	201	114	267	215	164	94	261	96
10,85	201	114	267	215	164	94	261	96
10,87	201	114	267	215	164	94	262	96
10,88	201	114	267	215	164	94	262	96
10,90	201	114	267	215	164	94	262	96
10,91	201	114	267	215	164	94	262	96
10,93	201	114	267	215	164	94	262	96
10,94	201	114	267	215	164	94	262	96
10,96	201	114	267	215	164	94	262	96
10,97	201	114	267	215	164	94	262	96
10,99	201	114	267	215	164	93	262	96
11,00	201	113	267	215	164	93	262	96
11,01	201	113	267	215	164	93	262	96
11,03	201	113	267	215	164	93	262	96
11,04	201	113	267	215	164	93	262	96
11,06	201	113	267	215	164	93	262	96
11,07	201	113	267	215	164	93	263	96
11,09	201	113	267	215	164	93	263	96
11,10	201	113	267	215	164	93	263	96
11,12	201	113	267	215	164	93	263	96
11,13	201	113	267	215	164	93	263	96
11,15	201	113	267	215	164	93	263	96
11,16	201	113	267	215	164	93	263	96
11,18	201	113	267	215	164	93	263	96
11,19	201	113	267	215	164	93	263	96
11,21	201	113	267	215	164	93	263	96
11,22	201	113	267	215	164	93	263	96
11,24	201	113	267	215	164	93	263	96
11,25	201	113	267	215	164	93	263	96
11,26	201	113	267	215	164	93	263	96
11,28	201	113	267	215	164	93	263	96
11,29	201	113	267	215	164	93	263	96
11,31	201	113	267	215	164	93	263	96
11,32	201	113	267	215	164	93	263	96
11,34	201	113	267	215	164	93	263	96
11,35	201	113	267	215	164	93	263	96
11,37	201	113	267	215	164	93	263	96
11,38	201	113	267	215	164	93	262	96
11,40	201	113	267	215	164	93	262	96
11,41	201	113	267	215	164	93	262	96
11,43	201	113	267	215	164	93	262	96
11,44	201	113	267	215	164	93	262	96
11,46	201	113	267	215	164	93	262	96
11,47	201	113	267	215	164	93	262	96
11,49	201	113	267	215	164	93	261	96
11,50	201	112	267	215	164	93	261	96
11,51	201	112	267	215	164	93	261	96
11,53	201	112	267	215	164	93	261	96
11,54	201	112	267	215	164	93	261	96
11,56	201	112	267	215	164	93	261	96
11,57	201	112	267	215	164	93	261	96
11,59	201	112	267	215	164	93	260	96
11,60	201	112	267	215	164	93	260	96
11,62	201	112	267	215	164	93	260	96
11,63	201	112	267	215	164	93	260	96
11,65	201	112	267	215	164	93	260	96
11,66	201	112	267	215	164	93	260	96
11,68	201	112	267	215	164	93	260	96
11,69	201	112	267	215	164	93	259	96
11,71	201	112	267	215	164	93	259	96
11,72	201	112	267	215	164	93	259	96
11,74	201	112	267	215	164	93	259	96
11,75	201	112	267	215	164	93	259	96
11,76	201	112	267	215	164	93	259	96
11,78	201	112	267	215	164	93	259	96
11,79	201	112	267	215	164	93	259	96
11,81	201	112	267	215	164	93	258	96
11,82	201	112	267	215	164	93	258	96
11,84	201	112	267	215	164	93	258	96
11,85	201	112	267	215	164	93	258	96
11,87	201	112	267	215	164	93	258	96
11,88	201	112	267	215	164	92	258	96
11,90	201	112	267	215	164	92	258	96
11,91	201	112	267	215	164	92	256	96
11,93	201	112	267	215	164	92	256	96
11,94	201	112	267	215	164	92	256	96
11,96	201	112	267	215	164	92	256	96
11,97	201	112	267	215	164	92	256	96
11,99	201	112	267	215	164	92	256	96
12,00	201	112	267	215	164	92	256	96
12,01	201	112	267	215	164	92	255	96
12,03	201	112	267	215	164	92	255	96
12,04	201	112	267	215	164	92	255	96
12,06	201	112	267	215	164	92	255	96
12,07	201	112	267	215	164	92	255	96
12,09	201	112	267	215	164	92	255	96
12,10	201	112	267	215	164	92	255	96
12,12	201	112	267	215	164	92	254	96
12,13	201	112	267	215	164	92	254	96
12,15	201	112	267	215	164	92	254	96
12,16	201	112	267	215	164	92	254	96
12,18	201	112	267	215	164	92	254	96
12,19	201	112	267	215	164	92	254	96
12,21	201	112	267	215	164	92	254	96
12,22	201	112	267	215	164	92	253	96
12,24	201	112	267	215	164	92	253	96
12,25	201	112	267	215	164	92	253	96
12,26	201	112	267	215	164	92	253	96
12,28	201	112	267	215	164	92	253	96
12,29	201	112	267	215	164	92	253	96
12,31	201	112	267	215	164	92	253	96
12,32	201	112	267	215	164	92	253	96
12,34	201	112	267	215	164	92	253	96
12,35	201	112	267	215	164	92	253	96
12,37	201	111	267	215	164	92	253	96
12,38	201	111	267	215	164	92	253	96
12,40	201	111	267	215	164	92	253	96
12,41	201	111	267	215	164	92	253	96
12,43	201	111	267	215	164	92	252	96
12,44	201	111	267	215	164	92	252	96
12,46	201	111	267	215	164	92	252	96
12,47	201	111	267	215	164	92	252	96
12,49	201	111	267	215	164	92	252	96
12,50	201	111	267	215	164	92	252	96
12,51	201	111	267	215	164	92	252	96
12,53	201	111	267	215	164	92	252	96
12,54	201	111	267	215	164	92	252	96
12,56	201	111	267	215	164	92	252	96
12,57	201	111	267	215	164	92	252	96
12,59	201	111	267	215	164	92	252	96
12,60	201	111	267	215	164	92	252	96
12,62	201	111	267	215	164	92	252	96
12,63	201	111	267	215	164	92	252	96
12,65	201	111	267	215	164	92	252	96
12,66	201	111	267	215	164	92	252	96
12,68	201	111	267	215	164	92	252	96
12,69	201	111	267	215	164	92	252	96
12,71	201	111	267	215	164	92	252	96
12,72	201	111	267	215	164	92	252	96
12,74	201	111	267	215	164	92	252	96
12,75	201	111	267	215	164	92	252	96
12,76	201	111	267	215	164	92	252	96
12,78	201	111	267	215	164	92	252	96
12,79	201	111	267	215	164	92	252	96
12,81	201	111	267	215	164	92	252	96
12,82	201	111	267	215	164	92	252	96
12,84	201	111	267	215	164	92	252	96
12,85	201	111	267	215	164	92	252	96
12,87	201	112	267	215	164	92	252	96
12,88	201	112	267	215	164	92	252	96
12,90	201	112	267	215	164	92	252	96
12,91	201	112	267	215	164	92	252	96
12,93	200	112	267	215	164	92	252	96
12,94	200	112	267	215	164	92	252	96
12,96	200	112	267	215	164	92	252	96
12,97	200	112	267	215	164	92	252	96
12,99	200	112	267	215	164	92	252	96
13,00	200	113	267	215	164	93	252	96
13,01	200	113	267	215	164	93	252	96
13,03	200	113	267	215	164	93	252	96
13,04	200	113	267	215	164	93	252	96
13,06	200	113	267	215	164	93	259	96
13,07	200	113	267	215	164	93	259	96
13,09	200	113	267	215	164	93	259	96
13,10	200	113	267	215	164	94	259	96
13,12	200	116	267	215	164	94	259	96
13,13	200	116	267	215	170	94	259	96
13,15	200	116	267	215	170	94	259	96
13,16	200	116	267	215	170	94	259	96
13,18	200	116	267	215	170	94	290	96
13,19	200	116	267	215	170	94	290	96
13,21	200	116	267	216	170	94	290	152
13,22	200	116	267	216	170	110	290	152
13,24	200	116	267	216	188	110	290	152
13,25	200	117	267	216	188	110	290	152
13,26	200	117	267	216	188	110	290	152
13,28	200	117	267	216	188	110	336	152
13,29	200	117	267	216	188	110	336	152
13,31	200	117	267	216	188	110	336	152
13,32	200	117	267	225	188	155	336	152
13,34	200	117	267	225	188	155	336	224
13,35	200	117	267	225	238	155	336	224
13,37	200	111	267	225	238	155	336	224
13,38	200	111	267	225	238	155	393	224
13,40	200	111	267	225	238	155	393	224
13,41	200	111	267	225	238	155	393	224
13,43	200	111	267	225	238	155	393	224
13,44	200	111	267	238	238	222	393	224
13,46	200	111	267	238	238	222	393	289
13,47	200	111	267	238	307	222	393	289
13,49	200	111	267	238	307	222	388	289
13,50	200	110	267	238	307	222	388	289
13,51	200	110	267	238	307	222	388	289
13,53	200	110	267	238	307	222	388	289
13,54	199	110	267	238	307	254	388	289
13,56	199	110	267	249	307	254	388	289
13,57	199	110	267	249	346	254	388	289
13,59	199	110	267	249	346	254	371	248
13,60	199	110	267	249	346	254	371	248
13,62	199	118	267	249	346	254	371	248
13,63	199	118	267	249	346	254	371	248
13,65	199	118	267	249	346	254	371	248
13,66	199	118	267	249	346	321	371	248
13,68	199	118	267	249	346	321	371	248
13,69	199	118	267	294	398	321	385	248
13,71	199	118	267	294	398	321	385	125
13,72	199	118	268	294	398	321	385	125
13,74	199	118	268	294	398	321	385	125
13,75	199	128	268	294	398	321	385	125
13,76	199	128	268	294	398	294	385	125
13,78	199	128	268	294	398	294	385	125
13,79	199	128	268	294	398	294	345	125
13,81	199	128	268	395	362	294	345	125
13,82	199	128	268	395	362	294	345	125
13,84	199	128	270	395	362	294	345	95
13,85	199	128	270	395	362	294	345	95
13,87	199	189	270	395	362	294	345	95
13,88	199	189	270	395	362	100	345	95
13,90	199	189	270	395	362	100	273	95
13,91	265	189	270	395	362	100	273	95
13,93	265	189	270	401	314	100	273	95
13,94	265	189	270	401	314	100	273	95
13,96	265	189	348	401	314	100	273	97
13,97	265	189	348	401	314	100	273	97
13,99	265	189	348	401	314	100	273	97
14,00	265	298	348	401	314	94	273	97
14,01	265	298	348	401	314	94	194	97
14,03	265	298	348	401	140	94	194	97
14,04	392	298	348	261	140	94	194	97
14,06	392	298	348	261	140	94	194	97
14,07	392	298	348	261	140	94	194	97
14,09	392	298	370	261	140	94	194	97
14,10	392	298	370	261	140	95	194	97
14,12	392	221	370	261	140	95	202	97
14,13	392	221	370	261	140	95	202	97
14,15	392	221	370	261	162	95	202	97
14,16	306	221	370	286	162	95	202	97
14,18	306	221	370	286	162	95	202	97
14,19	306	221	370	286	162	95	202	97
14,21	306	221	317	286	162	95	202	97
14,22	306	221	317	286	162	95	213	97
14,24	306	85	317	286	162	95	213	97
14,25	306	85	317	286	162	95	213	97
14,26	306	85	317	286	163	95	213	97
14,28	306	85	317	206	163	95	213	97
14,29	260	85	317	206	163	95	213	97
14,31	260	85	317	206	163	95	213	97
14,32	260	85	262	206	163	95	216	97
14,34	260	85	262	206	163	95	216	97
14,35	260	85	262	206	163	95	216	97
14,37	260	87	262	206	163	95	216	97
14,38	260	87	262	206	163	95	216	97
14,40	260	87	262	207	163	95	216	97
14,41	256	87	262	207	163	95	216	97
14,43	256	87	262	207	163	95	213	97
14,44	256	87	263	207	163	95	213	97
14,46	256	87	263	207	163	95	213	97
14,47	256	87	263	207	163	95	213	97
14,49	256	85	263	207	163	95	213	97
14,50	256	85	263	207	163	95	213	97
14,51	256	85	263	245	163	95	213	97
14,53	256	85	263	245	163	95	203	97
14,54	283	85	263	245	163	95	203	97
14,56	283	85	331	245	163	95	203	97
14,57	283	85	331	245	163	95	203	97
14,59	283	85	331	245	163	95	203	97
14,60	283	85	331	245	162	95	203	97
14,62	283	190	331	245	162	95	203	97
14,63	283	190	331	320	162	95	176	97
14,65	283	190	331	320	162	95	176	97
14,66	353	190	331	320	162	95	176	97
14,68	353	190	352	320	162	95	176	97
14,69	353	190	352	320	162	95	176	97
14,71	353	190	352	320	157	95	176	97
14,72	353	190	352	320	157	95	176	97
14,74	353	288	352	320	157	95	221	97
14,75	353	288	352	333	157	95	221	97
14,76	353	288	352	333	157	95	221	97
14,78	359	288	352	333	157	93	221	97
14,79	359	288	311	333	157	93	221	97
14,81	359	288	311	333	157	93	221	97
14,82	359	288	311	333	292	93	221	97
14,84	359	288	311	333	292	93	221	97
14,85	359	288	311	333	292	93	268	97
14,87	359	200	311	333	292	93	268	97
14,88	359	200	311	400	292	134	268	97
14,90	359	200	311	400	292	134	268	97
14,91	204	200	268	400	292	134	268	97
14,93	204	200	268	400	292	134	268	97
14,94	204	200	268	400	332	134	268	97
14,96	204	200	268	400	332	134	337	96
14,97	204	200	268	400	332	134	337	96
14,99	204	122	268	335	332	134	337	96
15,00	204	122	268	335	332	309	337	96
15,01	204	122	268	335	332	309	337	96
15,03	198	122	267	335	332	309	337	96
15,04	198	122	267	335	332	309	337	96
15,06	198	122	267	335	370	309	376	96
15,07	198	122	267	335	370	309	376	96
15,09	198	122	267	335	370	309	376	254
15,10	198	122	267	335	370	247	376	254
15,12	198	109	267	237	370	247	376	254
15,13	198	109	267	237	370	247	376	254
15,14	198	109	267	237	370	247	376	254
15,16	198	109	267	237	221	247	441	254
15,17	198	109	267	237	221	247	441	254
15,19	198	109	267	237	221	247	441	254
15,20	198	109	267	237	221	247	441	316
15,22	198	109	267	237	221	161	441	316
15,23	198	115	267	216	221	161	441	316
15,25	198	115	267	216	221	161	441	316
15,26	198	115	267	216	221	161	394	316
15,28	198	115	267	216	167	161	394	316
15,29	198	115	267	216	167	161	394	316
15,30	198	115	267	216	167	161	394	316
15,32	198	115	267	216	167	161	394	316
15,33	198	115	267	216	167	121	394	237
15,35	198	115	267	216	167	121	394	237
15,36	198	116	267	216	167	121	325	237
15,38	198	116	267	216	169	121	325	237
15,39	198	116	267	216	169	121	325	237
15,41	198	116	267	216	169	121	325	237
15,42	198	116	267	216	169	121	325	237
15,43	198	116	267	216	169	95	325	237
15,45	198	116	267	216	169	95	325	115
15,46	198	116	267	215	169	95	253	115
15,48	198	116	267	215	169	95	253	115
15,49	198	116	267	215	166	95	253	115
15,51	198	116	267	215	166	95	253	115
15,52	198	116	267	215	166	95	253	115
15,54	198	116	267	215	166	95	253	115
15,55	198	116	267	215	166	95	253	115
15,57	198	116	267	215	166	95	238	115
15,58	198	116	267	215	166	95	238	97
15,59	198	116	267	215	166	95	238	97
15,61	198	116	267	215	163	95	238	97
15,62	198	116	267	215	163	95	238	97
15,64	198	116	267	215	163	95	238	97
15,65	198	116	267	215	163	95	238	97
15,67	198	116	267	215	163	95	238	97
15,68	198	116	267	215	163	95	242	97
15,70	198	116	267	215	163	95	242	96
15,71	198	116	267	215	163	95	242	96
15,72	198	116	267	215	164	95	242	96
15,74	198	116	267	215	164	95	242	96
15,75	198	116	267	215	164	95	242	96
15,77	199	116	267	215	164	94	242	96
15,78	199	116	267	215	164	94	246	96
15,80	199	116	267	215	164	94	246	96
15,81	199	116	267	215	164	94	246	96
15,83	199	116	267	215	163	94	246	96
15,84	199	116	267	215	163	94	246	96
15,86	199	115	267	215	163	94	246	96
15,87	199	115	267	215	163	94	246	96
15,88	199	115	267	215	163	94	247	96
15,90	199	115	267	215	163	94	247	96
15,91	199	115	267	215	163	94	247	96
15,93	199	115	267	215	163	94	247	96
15,94	199	115	267	215	163	94	247	96
15,96	199	115	267	215	163	94	247	96
15,97	199	112	267	215	163	94	247	96
15,99	199	112	267	215	163	94	247	96
16,00	199	112	267	215	163	94	247	96
16,01	200	112	267	215	163	94	247	96
16,03	200	112	267	215	163	94	247	96
16,04	200	112	267	215	163	94	247	96
16,06	200	112	267	215	164	94	247	96
16,07	200	112	267	215	164	94	247	96
16,09	200	112	267	215	164	94	246	96
16,10	200	110	267	215	164	94	246	96
16,12	200	110	267	215	164	94	246	96
16,13	200	110	267	215	164	94	246	96
16,15	200	110	267	215	164	94	246	96
16,16	200	110	267	215	164	94	246	96
16,18	200	110	267	215	164	94	246	96
16,19	200	110	267	215	164	94	246	96
16,21	200	110	267	215	164	94	246	96
16,22	200	109	267	215	164	94	246	96
16,24	200	109	267	215	164	94	246	96
16,25	200	109	267	215	164	94	246	96
16,26	200	109	267	215	164	94	246	96
16,28	200	109	267	215	164	94	246	96
16,29	200	109	267	215	164	94	246	96
16,31	200	109	267	215	164	94	246	95
16,32	200	109	267	215	164	94	246	95
16,34	200	109	267	215	164	94	246	95
16,35	200	109	267	215	164	94	246	95
16,37	200	109	267	215	164	94	246	95
16,38	200	109	267	215	164	94	246	95
16,40	200	109	267	215	164	94	246	95
16,41	200	109	267	215	164	94	247	95
16,43	200	109	267	215	164	94	247	95
16,44	200	109	267	215	164	94	247	96
16,46	200	109	267	215	164	94	247	96
16,47	200	108	267	215	164	94	247	96
16,49	200	108	267	215	164	94	247	96
16,50	200	108	267	215	164	94	247	96
16,51	200	108	267	215	164	94	248	96
16,53	200	108	267	215	164	94	248	96
16,54	200	108	267	215	164	94	248	96
16,56	200	108	267	215	164	94	248	96
16,57	200	108	267	215	164	94	248	96
16,59	200	108	267	215	164	94	248	96
16,60	200	108	267	215	164	94	248	96
16,62	200	108	267	215	164	94	250	96
16,63	200	108	267	215	164	94	250	96
16,65	200	108	267	215	164	94	250	96
16,66	200	108	267	215	164	94	250	96
16,68	200	108	267	215	164	94	250	96
16,69	200	108	267	215	164	94	250	96
16,71	200	108	267	215	164	94	250	96
16,72	200	108	267	215	164	94	251	96
16,74	200	108	267	215	164	94	251	96
16,75	201	108	267	215	164	94	251	96
16,76	201	108	267	215	164	94	251	96
16,78	201	108	267	215	164	94	251	96
16,79	201	108	267	215	164	94	251	96
16,81	201	108	267	215	164	94	251	96
16,82	201	108	267	215	164	94	251	96
16,84	201	108	267	215	164	94	252	96
16,85	201	108	267	215	164	94	252	96
16,87	201	108	267	215	164	94	252	96
16,88	201	108	267	215	164	94	252	96
16,90	201	108	267	215	164	94	252	96
16,91	201	108	267	215	164	94	252	96
16,93	201	108	267	215	164	94	252	96
16,94	201	108	267	215	164	94	253	96
16,96	201	108	267	215	164	94	253	96
16,97	201	108	267	215	164	94	253	96
16,99	201	108	267	215	164	94	253	96
17,00	201	108	267	215	164	94	253	96
17,01	201	108	267	215	164	94	253	96
17,03	201	108	267	215	164	94	253	96
17,04	201	108	267	215	164	94	253	96
17,06	201	108	267	215	164	94	253	96
17,07	201	108	267	215	164	94	253	96
17,09	201	108	267	215	164	94	253	96
17,10	201	108	267	215	164	94	253	96
17,12	201	108	267	215	164	94	253	96
17,13	201	108	267	215	164	94	253	96
17,15	201	108	267	215	164	94	254	96
17,16	201	108	267	215	164	94	254	96
17,18	201	108	267	215	164	94	254	96
17,19	201	108	267	215	164	94	254	96
17,21	201	108	267	215	164	95	254	96
17,22	201	109	267	215	164	95	254	96
17,24	201	109	267	215	164	95	254	96
17,25	201	109	267	215	164	95	254	96
17,26	201	109	267	215	164	95	254	96
17,28	201	109	267	215	164	95	254	96
17,29	201	109	267	215	164	95	254	96
17,31	201	109	267	215	164	95	254	96
17,32	201	109	267	215	164	94	254	96
17,34	201	109	267	215	164	94	254	96
17,35	201	109	267	215	164	94	254	96
17,37	201	109	267	215	164	94	254	96
17,38	201	109	267	215	164	94	254	96
17,40	201	109	267	215	164	94	254	96
17,41	201	109	267	215	164	94	254	96
17,43	201	109	267	215	164	94	254	96
17,44	201	109	267	215	164	94	254	97
17,46	201	109	267	215	164	94	254	97
17,47	201	109	267	215	164	94	254	97
17,49	201	109	267	215	164	94	254	97
17,50	201	109	267	215	164	94	254	97
17,51	201	109	267	215	164	94	254	97
17,53	201	109	267	215	164	94	254	97
17,54	201	109	267	215	164	95	254	97
17,56	201	109	267	215	164	95	254	97
17,57	201	109	267	215	164	95	254	97
17,59	201	109	267	215	164	95	254	97
17,60	201	109	267	215	164	95	254	97
17,62	201	109	267	215	164	95	254	97
17,63	201	109	267	215	164	95	254	97
17,65	201	109	267	215	164	95	254	97
17,66	201	109	267	215	164	95	254	97
17,68	201	109	267	215	164	95	254	97
17,69	201	109	267	215	164	95	254	97
17,71	201	109	267	215	164	95	254	97
17,72	201	110	267	215	164	95	254	97
17,74	201	110	267	215	164	95	254	97
17,75	201	110	267	215	164	95	254	97
17,76	201	110	267	215	164	95	254	97
17,78	201	110	267	215	164	95	254	97
17,79	201	110	267	215	164	95	254	97
17,81	201	110	267	215	164	95	254	97
17,82	201	110	267	215	164	95	254	97
17,84	201	110	267	215	164	95	254	97
17,85	201	110	267	215	164	95	254	97
17,87	201	110	267	215	164	95	254	97
17,88	201	110	267	215	164	95	253	97
17,90	201	110	267	215	164	95	253	97
17,91	201	110	267	215	164	95	253	97
17,93	201	110	267	215	164	95	253	97
17,94	201	110	267	215	164	95	253	97
17,96	201	110	267	215	164	95	253	97
17,97	201	110	267	215	164	95	253	97
17,99	201	110	267	215	164	95	253	97
18,00	201	110	267	215	164	95	253	97
18,01	201	110	267	215	164	95	253	97
18,03	201	110	267	215	164	95	253	97
18,04	201	110	267	215	164	95	253	97
18,06	201	110	267	215	164	95	253	97
18,07	201	110	267	215	164	95	253	97
18,09	201	111	267	215	164	95	254	97
18,10	201	111	267	215	164	95	254	97
18,12	201	111	267	215	164	95	254	97
18,13	201	111	267	215	164	95	254	97
18,15	201	111	267	215	164	95	254	97
18,16	201	111	267	215	164	95	254	97
18,18	201	111	267	215	164	95	254	97
18,19	201	111	267	215	164	95	254	97
18,21	201	111	267	215	164	95	256	97
18,22	201	111	267	215	164	95	256	97
18,24	201	111	267	215	164	95	256	97
18,25	201	111	267	215	164	95	256	97
18,27	201	111	267	215	164	95	256	97
18,28	201	111	267	215	164	95	256	97
18,30	201	111	267	215	164	95	256	97
18,31	201	111	267	215	164	95	256	97
18,33	201	111	267	215	164	95	256	97
18,34	201	111	267	215	164	95	256	97
18,36	201	111	267	215	164	95	256	97
18,37	200	111	267	215	164	95	256	97
18,39	200	111	267	215	164	95	256	97
18,40	200	111	267	215	164	95	256	97
18,42	200	111	267	215	164	95	257	97
18,43	200	111	267	215	164	94	257	97
18,45	200	111	267	215	164	94	257	97
18,46	200	111	267	215	164	94	257	97
18,48	200	112	267	215	164	94	257	97
18,49	200	112	267	215	164	94	257	97
18,51	200	112	267	215	164	94	257	97
18,52	200	112	267	215	164	94	258	97
18,54	200	112	267	215	164	94	258	97
18,55	200	112	267	215	164	95	258	97
18,57	200	112	267	215	164	95	258	97
18,58	200	112	267	215	164	95	258	97
18,60	200	112	267	215	164	95	258	97
18,61	200	112	267	215	164	95	257	97
18,63	200	112	267	215	164	95	257	97
18,64	200	112	267	215	164	95	257	97
18,66	200	112	267	215	164	94	257	97
18,67	200	112	267	215	164	94	257	97
18,69	200	112	267	215	164	94	257	97
18,70	200	112	267	215	164	94	257	97
18,72	200	114	267	215	164	94	257	97
18,73	200	114	267	215	164	94	257	97
18,75	200	114	267	215	164	94	257	97
18,76	200	114	267	215	164	94	257	97
18,78	200	114	267	215	164	94	257	97
18,79	200	114	267	215	164	94	257	97
18,81	200	114	267	215	164	94	257	97
18,82	200	114	267	215	164	94	257	97
18,84	200	114	267	215	164	94	257	97
18,85	200	115	267	215	164	94	257	97
18,87	200	115	267	215	164	94	257	97
18,88	200	115	267	215	164	94	257	97
18,90	200	115	267	215	164	94	257	97
18,91	200	115	267	215	164	94	257	97
18,93	200	115	267	215	164	94	257	97
18,94	200	115	267	215	164	94	257	97
18,96	200	115	267	215	164	94	257	97
18,97	200	116	267	215	164	94	257	97
18,99	200	116	267	215	164	94	257	97
19,00	200	116	267	215	164	94	257	97
19,01	200	116	267	215	164	94	257	97
19,03	200	116	267	215	164	94	257	97
19,04	200	116	267	215	164	94	257	97
19,06	200	116	267	215	164	94	257	97
19,07	200	116	267	215	164	94	257	97
19,09	200	116	267	215	164	94	257	97
19,10	200	116	267	215	164	94	257	97
19,12	200	116	267	215	164	94	257	97
19,13	200	116	267	215	164	94	256	97
19,15	200	116	267	215	164	94	256	97
19,16	200	116	267	215	164	94	256	97
19,18	200	116	267	215	164	94	256	97
19,19	200	116	267	215	164	94	256	97
19,21	200	116	267	215	164	94	256	97
19,22	200	116	267	215	164	94	256	97
19,24	199	116	267	215	164	94	256	97
19,25	199	116	267	215	164	94	252	97
19,26	199	116	267	215	164	94	252	97
19,28	199	116	267	215	164	94	252	97
19,29	199	116	267	215	164	94	252	97
19,31	199	116	267	215	164	94	252	97
19,32	199	116	267	215	164	94	252	97
19,34	199	116	267	215	164	94	252	97
19,35	199	116	267	215	164	94	249	97
19,37	199	116	267	215	164	94	249	97
19,38	199	116	267	215	164	94	249	97
19,40	199	116	267	215	164	94	249	97
19,41	199	116	267	215	164	94	249	97
19,43	199	116	267	215	164	94	249	97
19,44	199	116	267	215	164	94	249	97
19,46	199	116	267	215	164	94	246	97
19,47	199	116	267	215	164	94	246	97
19,49	199	116	267	215	164	94	246	97
19,50	199	116	267	215	164	94	246	97
19,51	199	116	267	215	164	94	246	97
19,53	199	116	267	215	164	94	246	97
19,54	199	116	267	215	164	94	246	97
19,56	199	116	267	215	164	94	270	108
19,57	199	116	267	215	164	94	270	108
19,59	199	116	267	215	164	94	270	108
19,60	199	116	267	215	164	94	270	108
19,62	199	116	267	216	164	94	270	108
19,63	199	116	267	216	164	94	270	108
19,65	199	116	267	216	164	94	270	108
19,66	199	116	267	216	164	115	364	108
19,68	199	116	267	216	167	115	364	239
19,69	199	116	267	216	167	115	364	239
19,71	199	116	267	216	167	115	364	239
19,72	199	117	267	216	167	115	364	239
19,74	199	117	267	216	167	115	364	239
19,75	199	117	267	216	167	115	364	239
19,76	199	117	267	216	167	157	394	239
19,78	199	117	267	216	167	157	394	239
19,79	199	117	267	216	193	157	394	239
19,81	199	117	267	216	193	157	394	283
19,82	199	117	267	216	193	157	394	283
19,84	199	117	267	216	193	157	394	283
19,85	199	115	267	209	193	157	394	283
19,87	199	115	267	209	193	157	394	283
19,88	199	115	267	209	193	186	341	283
19,90	199	115	267	209	193	186	341	283
19,91	199	115	267	209	246	186	341	283
19,93	199	115	267	209	246	186	341	265
19,94	199	115	267	209	246	186	341	265
19,96	199	115	267	209	246	186	341	265
19,97	199	114	267	209	246	186	341	265
19,99	199	114	267	189	246	186	353	265
20,00	199	114	267	189	246	214	353	265
20,01	199	114	267	189	299	214	353	265
20,03	199	114	267	189	299	214	353	265
20,04	199	114	267	189	299	214	353	265
20,06	199	114	267	189	299	214	353	245
20,07	199	114	267	189	299	214	353	245
20,09	199	114	267	189	299	214	358	245
20,10	199	114	267	188	299	221	358	245
20,12	199	114	267	188	299	221	358	245
20,13	199	114	267	188	296	221	358	245
20,15	199	114	267	188	296	221	358	245
20,16	199	114	267	188	296	221	358	245
20,18	199	114	267	188	296	221	358	265
20,19	199	114	267	188	296	221	366	265
20,21	199	114	267	188	296	221	366	265
20,22	199	115	267	185	296	216	366	265
20,24	199	115	267	185	296	216	366	265
20,25	199	115	267	185	266	216	366	265
20,26	199	115	267	185	266	216	366	265
20,28	199	115	267	185	266	216	366	265
20,29	199	115	267	185	266	216	386	265
20,31	199	115	267	185	266	216	386	293
20,32	199	115	267	185	266	216	386	293
20,34	199	115	267	185	266	216	386	293
20,35	199	116	267	185	253	216	386	293
20,37	199	116	267	185	253	216	386	293
20,38	199	116	267	185	253	216	386	293
20,40	199	116	267	185	253	216	394	293
20,41	199	116	267	185	253	216	394	293
20,43	199	116	267	185	253	216	394	294
20,44	199	116	267	185	253	222	394	294
20,46	199	116	267	185	253	222	394	294
20,47	199	116	267	185	273	222	394	294
20,49	199	116	267	185	273	222	394	294
20,50	199	116	267	185	273	222	403	294
20,51	199	116	267	185	273	222	403	294
20,53	199	116	267	185	273	222	403	294
20,54	199	116	267	185	273	265	403	294
20,56	199	116	267	185	273	265	403	211
20,57	199	116	267	189	273	265	403	211
20,59	199	116	267	189	375	265	403	211
20,60	199	113	267	189	375	265	418	211
20,62	199	113	267	189	375	265	418	211
20,63	199	113	267	189	375	265	418	211
20,65	199	113	267	189	375	265	418	211
20,66	199	113	267	189	375	333	418	211
20,68	199	113	267	189	375	333	418	94
20,69	199	113	267	247	375	333	418	94
20,71	199	113	267	247	406	333	371	94
20,72	199	105	267	247	406	333	371	94
20,74	199	105	267	247	406	333	371	94
20,75	199	105	268	247	406	333	371	94
20,76	199	105	268	247	406	386	371	94
20,78	199	105	268	247	406	386	371	94
20,79	199	105	268	247	406	386	371	94
20,81	199	105	268	247	385	386	371	92
20,82	199	105	268	275	385	386	337	92
20,84	199	105	268	275	385	386	337	92
20,85	199	107	268	275	385	386	337	92
20,87	199	107	268	275	385	386	337	92
20,88	199	107	268	275	385	379	337	92
20,90	199	107	268	275	385	379	337	92
20,91	199	107	268	275	385	379	337	92
20,93	199	107	268	275	410	379	392	92
20,94	199	107	268	249	410	379	392	92
20,96	199	107	268	249	410	379	392	92
20,97	199	106	268	249	410	379	392	92
20,99	199	106	267	249	410	379	392	92
21,00	199	106	267	249	410	320	392	92
21,01	199	106	267	249	410	320	392	92
21,03	199	106	267	249	410	320	432	92
21,04	199	106	267	249	364	320	432	92
21,06	199	106	267	188	364	320	432	206
21,07	199	106	267	188	364	320	432	206
21,09	199	106	267	188	364	320	432	206
21,10	199	116	267	188	364	244	432	206
21,12	199	116	267	188	364	244	432	206
21,13	199	116	267	188	364	244	438	206
21,14	199	116	267	188	223	244	438	206
21,16	199	116	267	188	223	244	438	206
21,17	199	116	267	190	223	244	438	339
21,19	199	116	267	190	223	244	438	339
21,20	199	116	267	190	223	244	438	339
21,22	199	116	267	190	223	217	438	339
21,23	199	116	267	190	223	217	445	339
21,25	199	116	267	190	223	217	445	339
21,26	199	116	267	190	191	217	445	339
21,28	199	116	267	190	191	217	445	339
21,29	199	116	267	204	191	217	445	339
21,30	199	116	267	204	191	217	445	354
21,32	199	116	267	204	191	211	445	354
21,33	199	116	267	204	191	211	452	354
21,35	199	116	267	204	191	211	452	354
21,36	199	116	267	204	191	211	452	354
21,38	199	116	267	204	174	211	452	354
21,39	199	116	267	204	174	211	452	354
21,41	199	116	267	215	174	211	452	354
21,42	199	116	267	215	174	211	452	327
21,43	199	116	267	215	174	179	467	327
21,45	199	116	267	215	174	179	467	327
21,46	199	116	267	215	174	179	467	327
21,48	199	116	267	215	174	179	467	327
21,49	199	116	267	215	167	179	467	327
21,51	199	116	267	215	167	179	467	327
21,52	199	116	267	215	167	179	467	327
21,54	199	116	267	215	167	179	467	153
21,55	199	116	267	215	167	99	313	153
21,57	199	116	267	215	167	99	313	153
21,58	199	116	267	215	167	99	313	153
21,59	199	116	267	215	164	99	313	153
21,61	199	116	267	215	164	99	313	153
21,62	199	116	267	215	164	99	313	153
21,64	199	116	267	215	164	99	313	153
21,65	199	116	267	215	164	94	246	153
21,67	199	116	267	215	164	94	246	96
21,68	199	116	267	215	164	94	246	96
21,70	199	116	267	215	164	94	246	96
21,71	199	116	267	215	164	94	246	96
21,72	199	116	267	215	164	94	246	96
21,74	199	116	267	215	164	94	246	96
21,75	199	116	267	215	164	94	246	96
21,77	199	116	267	215	164	94	246	96
21,78	199	116	267	215	164	94	246	96
21,80	199	116	267	215	164	94	246	96
21,81	199	116	267	215	163	94	246	96
21,83	199	116	267	215	163	94	246	96
21,84	199	116	267	215	163	94	246	96
21,86	199	116	267	215	163	94	250	96
21,87	199	116	267	215	163	94	250	96
21,88	199	116	267	215	163	94	250	96
21,90	199	116	267	215	163	94	250	96
21,91	199	116	267	215	163	94	250	96
21,93	199	116	267	215	164	94	250	96
21,94	199	116	267	215	164	94	250	96
21,96	199	116	267	215	164	94	253	96
21,97	199	116	267	215	164	94	253	96
21,99	199	116	267	215	164	94	253	96
22,00	199	116	267	215	164	94	253	96
22,01	199	116	267	215	164	94	253	96
22,03	199	116	267	215	164	94	253	96
22,04	199	116	267	215	164	94	253	96
22,06	200	116	267	215	164	94	254	96
22,07	200	116	267	215	164	94	254	96
22,09	200	116	267	215	164	94	254	96
22,10	200	116	267	215	164	94	254	96
22,12	200	116	267	215	164	94	254	96
22,13	200	116	267	215	164	94	254	96
22,15	200	116	267	215	164	94	254	96
22,16	200	116	267	215	164	94	254	96
22,18	200	116	267	215	164	94	255	96
22,19	200	116	267	215	164	94	255	96
22,21	200	114	267	215	164	93	255	96
22,22	200	114	267	215	164	93	255	96
22,24	200	114	267	215	164	93	255	96
22,25	200	114	267	215	164	93	255	96
22,26	200	114	267	215	164	93	255	96
22,28	200	114	267	215	164	93	256	96
22,29	200	114	267	215	164	93	256	96
22,31	200	114	267	215	164	93	256	96
22,32	200	114	267	215	164	93	256	96
22,34	200	112	267	215	164	93	256	96
22,35	200	112	267	215	164	93	256	96
22,37	200	112	267	215	164	93	256	96
22,38	200	112	267	215	164	93	256	96
22,40	200	112	267	215	164	93	256	96
22,41	200	112	267	215	164	93	256	96
22,43	200	112	267	215	164	93	256	96
22,44	200	112	267	215	164	93	256	96
22,46	200	112	267	215	164	93	256	96
22,47	200	112	267	215	164	93	256	96
22,49	200	112	267	215	164	93	256	96
22,50	200	112	267	215	164	93	256	96
22,51	200	112	267	215	164	93	256	96
22,53	200	112	267	215	164	93	256	96
22,54	200	112	267	215	164	94	256	96
22,56	200	112	267	215	164	94	256	96
22,57	200	112	267	215	164	94	256	96
22,59	200	111	267	215	164	94	256	96
22,60	200	111	267	215	164	94	256	96
22,62	200	111	267	215	164	94	256	96
22,63	200	111	267	215	164	94	256	96
22,65	200	111	267	215	164	94	256	96
22,66	200	111	267	215	164	94	256	96
22,68	200	111	267	215	164	94	256	96
22,69	200	111	267	215	164	94	254	96
22,71	200	111	267	215	164	94	254	96
22,72	200	111	267	215	164	94	254	96
22,74	200	111	267	215	164	94	254	96
22,75	200	111	267	215	164	94	254	96
22,76	200	111	267	215	164	94	254	96
22,78	200	111	267	215	164	94	254	96
22,79	200	111	267	215	164	94	254	96
22,81	200	111	267	215	164	94	254	96
22,82	200	111	267	215	164	94	254	96
22,84	200	112	267	215	164	94	254	96
22,85	200	112	267	215	164	94	254	96
22,87	200	112	267	215	164	94	254	96
22,88	200	112	267	215	164	94	254	96
22,90	200	112	267	215	164	94	254	96
22,91	200	112	267	215	164	94	254	96
22,93	200	112	267	215	164	94	254	96
22,94	200	112	267	215	164	94	254	96
22,96	200	112	267	215	164	94	254	96
22,97	200	112	267	215	164	94	254	96
22,99	200	112	267	215	164	94	254	96
23,00	200	112	267	215	164	94	254	96
23,01	200	112	267	215	164	94	253	96
23,03	200	112	267	215	164	94	253	96
23,04	200	112	267	215	164	94	253	96
23,06	200	112	267	215	164	94	253	96
23,07	200	112	267	215	164	94	253	96
23,09	200	109	267	215	164	93	253	96
23,10	200	109	267	215	164	93	253	96
23,12	200	109	267	215	164	93	251	96
23,13	200	109	267	215	164	93	251	96
23,15	200	109	267	215	164	93	251	96
23,16	200	109	267	215	164	93	251	96
23,18	200	109	267	215	164	93	251	96
23,19	200	109	267	214	164	93	251	96
23,21	200	106	267	214	164	90	251	96
23,22	200	106	267	214	164	90	245	96
23,24	200	106	267	214	164	90	245	96
23,25	200	106	267	214	164	90	245	96
23,26	200	106	267	214	164	90	245	96
23,28	200	106	267	214	164	90	245	53
23,29	200	106	267	214	162	90	245	53
23,31	200	106	267	214	162	90	245	53
23,32	200	103	267	214	162	57	233	53
23,34	200	103	267	214	162	57	233	53
23,35	200	103	267	214	162	57	233	53
23,37	200	103	267	214	162	57	233	53
23,38	200	103	267	214	162	57	233	53
23,40	200	103	267	214	160	57	233	53
23,41	200	103	267	214	160	57	233	33
23,43	199	103	267	212	160	42	171	33
23,44	199	103	267	212	160	42	171	33
23,46	199	98	267	212	160	42	171	33
23,47	199	98	267	212	160	42	171	33
23,49	199	98	267	212	160	42	171	33
23,50	199	98	267	212	160	42	171	33
23,51	199	98	267	212	92	42	171	33
23,53	199	98	267	212	92	42	171	83
23,54	199	98	267	173	92	51	96	83
23,56	199	98	267	173	92	51	96	83
23,57	199	98	267	173	92	51	96	83
23,59	199	90	249	173	92	51	96	83
23,60	199	90	249	173	92	51	96	83
23,62	199	90	249	173	92	51	96	83
23,63	199	90	249	173	134	51	96	83
23,65	199	90	249	173	134	92	171	83
23,66	199	90	249	212	134	92	171	93
23,68	197	90	249	212	134	92	171	93
23,69	197	90	249	212	134	92	171	93
23,71	197	106	267	212	134	92	171	93
23,72	197	106	267	212	134	92	171	93
23,74	197	106	267	212	139	92	171	93
23,75	197	106	267	212	139	92	194	93
23,76	197	106	267	212	139	92	194	93
23,78	197	106	267	214	139	92	194	93
23,79	199	106	267	214	139	92	194	93
23,81	199	106	267	214	139	92	194	93
23,82	199	105	267	214	139	92	194	93
23,84	199	105	267	214	139	92	194	93
23,85	199	105	267	214	142	92	201	93
23,87	199	105	267	214	142	92	201	93
23,88	199	105	267	214	142	92	201	93
23,90	199	105	267	214	142	92	201	93
23,91	199	105	267	214	142	92	201	93
23,93	200	105	267	214	142	92	201	93
23,94	200	105	267	214	142	92	201	93
23,96	200	103	267	214	142	92	214	93
23,97	200	103	267	214	152	92	214	93
23,99	200	103	267	214	152	93	214	93
24,00	200	103	267	214	152	93	214	93
24,01	200	103	267	213	152	93	214	93
24,03	200	103	267	213	152	93	214	93
24,04	200	103	267	213	152	93	214	93
24,06	200	103	267	213	152	93	230	93
24,07	200	101	267	213	152	93	230	93
24,09	200	101	267	213	162	93	230	93
24,10	200	101	267	213	162	92	230	93
24,12	200	101	267	213	162	92	230	93
24,13	200	101	267	213	162	92	230	93
24,15	200	101	267	213	162	92	230	93
24,16	200	101	267	213	162	92	243	95
24,18	201	101	267	213	162	92	243	95
24,19	201	101	267	213	164	92	243	95
24,21	201	103	267	213	164	92	243	95
24,22	201	103	267	213	164	92	243	95
24,24	201	103	267	213	164	92	243	95
24,25	201	103	267	213	164	92	243	95
24,26	201	103	267	214	164	92	243	95
24,28	201	103	267	214	164	92	252	96
24,29	201	103	267	214	164	92	252	96
24,31	201	103	267	214	164	92	252	96
24,32	201	108	267	214	164	93	252	96
24,34	201	108	267	214	164	93	252	96
24,35	201	108	267	214	164	93	252	96
24,37	201	108	267	214	164	93	252	96
24,38	201	108	267	216	164	93	256	96
24,40	201	108	267	216	164	93	256	97
24,41	201	108	267	216	164	93	256	97
24,43	202	108	267	216	165	94	256	97
24,44	202	108	267	216	165	94	256	97
24,46	202	111	267	216	165	94	256	97
24,47	202	111	267	216	165	94	256	97
24,49	202	111	267	216	165	94	257	97
24,50	202	111	267	216	165	94	257	97
24,51	202	111	267	216	165	94	257	97
24,53	202	111	267	216	165	94	257	97
24,54	202	111	268	216	165	94	257	97
24,56	202	111	268	216	165	94	257	97
24,57	202	113	268	216	165	94	257	97
24,59	202	113	268	216	165	94	257	97
24,60	202	113	268	216	165	94	257	97
24,62	202	113	268	216	165	94	257	97
24,63	202	113	268	216	165	94	257	97
24,65	202	113	268	216	165	94	257	90
24,66	202	113	268	216	165	91	257	90
24,68	202	113	268	216	165	91	257	90
24,69	202	113	268	216	165	91	257	90
24,71	202	111	268	216	165	91	257	90
24,72	202	111	268	216	165	91	257	90
24,74	202	111	268	215	165	91	257	90
24,75	202	111	268	215	165	91	257	90
24,76	202	111	268	215	164	70	257	90
24,78	202	111	267	215	164	70	257	40
24,79	202	111	267	215	164	70	235	40
24,81	202	111	267	215	164	70	235	40
24,82	202	109	267	215	164	70	235	40
24,84	202	109	267	215	164	70	235	40
24,85	202	109	267	213	164	70	235	40
24,87	202	109	267	213	162	70	235	40
24,88	202	109	267	213	162	42	235	40
24,90	202	109	267	213	162	42	119	31
24,91	202	109	267	213	162	42	119	31
24,93	202	109	267	213	162	42	119	31
24,94	202	109	267	213	162	42	119	31
24,96	202	105	267	213	162	42	119	31
24,97	202	105	267	210	162	42	119	31
24,99	202	105	267	210	160	38	119	31
25,00	202	105	267	210	160	38	97	31
25,01	202	105	267	210	160	38	97	31
25,03	202	105	267	210	160	38	97	25
25,04	201	105	267	210	160	38	97	25
25,06	201	105	267	210	160	38	97	25
25,07	201	100	267	210	160	38	97	25
25,09	201	100	267	208	160	38	97	25
25,10	201	100	267	208	160	37	97	25
25,12	201	100	267	208	160	37	94	25
25,13	201	100	267	208	160	37	94	25
25,15	201	100	267	208	160	37	94	18
25,16	201	100	267	208	160	37	94	18
25,18	201	100	267	208	160	37	94	18
25,19	201	100	267	208	160	37	94	18
25,21	201	97	267	206	161	39	94	18
25,22	201	97	267	206	161	39	110	18
25,24	201	97	267	206	161	39	110	18
25,25	201	97	267	206	161	39	110	18
25,26	201	97	267	206	161	39	110	18
25,28	201	97	267	206	161	39	110	24
25,29	201	97	267	206	161	39	110	24
25,31	201	97	267	206	161	39	110	24
25,32	201	95	267	204	162	43	234	24
25,34	201	95	267	204	162	43	234	24
25,35	201	95	267	204	162	43	234	24
25,37	201	95	267	204	162	43	234	24
25,38	201	95	267	204	162	43	234	24
25,40	201	95	267	204	162	43	234	76
25,41	201	95	267	204	162	43	234	76
25,43	201	95	267	204	162	43	257	76
25,44	201	95	267	206	164	79	257	76
25,46	201	98	267	206	164	79	257	76
25,47	201	98	267	206	164	79	257	76
25,49	201	98	267	206	164	79	257	76
25,50	201	98	267	206	164	79	257	76
25,51	201	98	267	206	164	79	257	76
25,53	202	98	267	206	164	79	258	92
25,54	202	98	267	206	164	85	258	92
25,56	202	98	267	206	164	85	258	92
25,57	202	104	267	210	164	85	258	92
25,59	202	104	267	210	164	85	258	92
25,60	202	104	267	210	164	85	258	92
25,62	202	104	267	210	164	85	258	92
25,63	202	104	267	210	164	85	258	92
25,65	202	104	267	210	164	85	258	94
25,66	202	104	267	210	164	88	258	94
25,68	202	104	267	210	164	88	258	94
25,69	202	104	267	213	164	88	258	94
25,71	202	108	267	213	164	88	258	94
25,72	202	108	267	213	164	88	258	94
25,74	202	108	267	213	164	88	258	94
25,75	202	108	267	213	164	88	258	94
25,76	202	108	267	213	164	90	258	94
25,78	202	108	267	213	164	90	258	96
25,79	202	108	267	213	164	90	258	96
25,81	202	108	267	214	164	90	258	96
25,82	202	110	267	214	164	90	258	96
25,84	202	110	267	214	164	90	258	96
25,85	202	110	267	214	164	90	258	96
25,87	202	110	267	214	164	90	258	96
25,88	202	110	267	214	164	91	258	96
25,90	202	110	267	214	164	91	258	96
25,91	202	110	267	214	164	91	258	96
25,93	202	110	267	215	164	91	258	96
25,94	202	110	267	215	164	91	257	96
25,96	202	112	267	215	164	91	257	96
25,97	202	112	267	215	164	91	257	96
25,99	202	112	267	215	164	91	257	96
26,00	202	112	267	215	164	91	257	96
26,01	202	112	267	215	164	91	257	96
26,03	202	112	267	215	164	91	257	96
26,04	202	112	267	215	164	91	258	96
26,06	202	112	267	215	164	91	258	96
26,07	202	113	267	215	164	91	258	96
26,09	202	113	267	215	164	91	258	96
26,10	202	113	267	215	164	91	258	96
26,12	202	113	267	215	164	91	258	96
26,13	202	113	267	215	164	91	258	96
26,15	202	113	267	215	164	91	258	95
26,16	202	113	267	215	164	91	258	95
26,18	202	113	267	215	164	91	258	95
26,19	202	113	267	215	164	91	258	95
26,21	202	112	267	215	164	89	258	95
26,22	202	112	267	215	164	89	258	95
26,24	202	112	267	215	164	89	258	95
26,25	202	112	267	215	164	89	258	95
26,26	202	112	267	215	164	89	258	95
26,28	202	112	267	215	164	89	258	92
26,29	202	112	267	215	164	89	258	92
26,31	202	112	267	215	164	89	258	92
26,32	202	110	267	215	164	86	258	92
26,34	202	110	267	215	164	86	258	92
26,35	202	110	267	215	164	86	258	92
26,37	202	110	267	215	164	86	259	92
26,38	202	110	267	215	164	86	259	92
26,40	202	110	267	212	164	86	259	88
26,41	202	110	267	212	164	86	259	88
26,43	202	110	267	212	164	86	259	88
26,44	202	110	267	212	164	82	259	88
26,46	202	107	267	212	164	82	259	88
26,47	202	107	267	212	164	82	261	88
26,49	202	107	267	212	164	82	261	88
26,50	202	107	267	212	164	82	261	88
26,51	202	107	267	210	164	82	261	84
26,53	202	107	267	210	164	82	261	84
26,54	202	107	267	210	164	79	261	84
26,56	202	107	267	210	164	79	261	84
26,57	202	103	267	210	164	79	264	84
26,59	202	103	267	210	164	79	264	84
26,60	202	103	267	210	164	79	264	84
26,62	202	103	267	210	164	79	264	84
26,63	202	103	267	208	164	79	264	84
26,65	202	103	267	208	164	79	264	81
26,66	202	103	267	208	164	77	264	81
26,68	202	103	267	208	164	77	265	81
26,69	202	103	267	208	164	77	265	81
26,71	202	101	267	208	164	77	265	81
26,72	202	101	267	208	164	77	265	81
26,74	202	101	267	208	164	77	265	81
26,75	202	101	267	208	164	77	265	81
26,76	202	101	267	207	164	74	265	77
26,78	202	101	267	207	164	74	266	77
26,79	202	101	267	207	164	74	266	77
26,81	202	101	267	207	164	74	266	77
26,82	202	98	267	207	164	74	266	77
26,84	202	98	267	207	164	74	266	77
26,85	202	98	267	207	164	74	266	77
26,87	202	98	267	207	164	74	266	77
26,88	202	98	267	205	164	71	266	77
26,90	202	98	267	205	164	71	266	73
26,91	202	98	267	205	164	71	266	73
26,93	202	98	267	205	164	71	266	73
26,94	202	98	267	205	164	71	266	73
26,96	202	96	267	205	164	71	266	73
26,97	202	96	267	205	164	71	266	73
26,99	202	96	267	205	164	69	266	73
27,00	202	96	267	204	164	69	266	73
27,01	202	96	267	204	164	69	266	71
27,03	202	96	267	204	164	69	266	71
27,04	202	96	267	204	164	69	266	71
27,06	202	96	267	204	164	69	266	71
27,07	202	95	267	204	164	69	266	71
27,09	202	95	267	204	164	69	265	71
27,10	202	95	267	204	164	69	265	71
27,12	202	95	267	204	164	69	265	71
27,13	202	95	267	204	164	69	265	71
27,14	201	95	267	204	164	69	265	72
27,16	201	95	267	204	164	69	265	72
27,17	201	95	267	204	164	69	265	72
27,19	201	95	267	204	164	69	265	72
27,20	201	97	267	204	164	71	264	72
27,22	201	97	267	204	164	71	264	72
27,23	201	97	267	205	164	71	264	72
27,25	201	97	267	205	164	71	264	72
27,26	201	97	267	205	164	71	264	76
27,28	201	97	267	205	164	71	264	76
27,29	201	97	267	205	164	71	264	76
27,30	201	97	267	205	164	71	264	76
27,32	201	101	267	205	164	76	264	76
27,33	201	101	267	205	164	76	264	76
27,35	201	101	267	208	164	76	264	76
27,36	201	101	267	208	164	76	264	76
27,38	201	101	267	208	164	76	264	76
27,39	201	101	267	208	164	76	264	82
27,41	201	101	267	208	164	76	263	82
27,42	201	101	267	208	164	81	263	82
27,43	201	101	267	208	164	81	263	82
27,45	201	106	267	208	164	81	263	82
27,46	201	106	267	212	164	81	263	82
27,48	201	106	267	212	164	81	263	82
27,49	201	106	267	212	164	81	263	82
27,51	201	106	267	212	164	81	263	88
27,52	201	106	267	212	164	81	263	88
27,54	201	106	267	212	164	86	263	88
27,55	201	106	267	212	164	86	263	88
27,57	201	112	267	212	164	86	263	88
27,58	201	112	267	215	164	86	263	88
27,59	201	112	267	215	164	86	263	88
27,61	201	112	267	215	164	86	262	88
27,62	201	112	267	215	164	86	262	88
27,64	200	112	267	215	164	86	262	94
27,65	200	112	267	215	164	91	262	94
27,67	200	112	267	215	164	91	262	94
27,68	200	112	267	215	164	91	262	94
27,70	200	116	267	216	165	91	262	94
27,71	200	116	267	216	165	91	261	94
27,72	200	116	267	216	165	91	261	94
27,74	200	116	267	216	165	91	261	94
27,75	199	116	267	216	165	93	261	96
27,77	199	116	267	216	165	93	261	96
27,78	199	116	267	216	165	93	261	96
27,80	199	116	267	216	165	93	261	96
27,81	199	117	267	216	164	93	260	96
27,83	199	117	267	216	164	93	260	96
27,84	199	117	267	216	164	93	260	96
27,86	199	117	267	216	164	93	260	96
27,87	199	117	267	216	164	93	260	96
27,88	199	117	267	216	164	93	260	97
27,90	199	117	267	216	164	93	260	97
27,91	199	117	267	216	164	93	260	97
27,93	199	118	267	216	164	93	260	97
27,94	199	118	267	216	164	93	260	97
27,96	199	118	267	216	164	93	260	97
27,97	199	118	267	216	164	99	260	97
27,99	199	118	267	216	164	99	260	97
28,00	200	118	267	216	164	99	260	135
28,01	200	118	267	216	164	99	260	135
28,03	200	118	267	216	165	99	260	135
28,04	200	118	267	216	165	99	260	135
28,06	200	117	267	216	165	99	260	135
28,07	200	117	267	216	165	99	260	135
28,09	200	117	267	216	165	94	260	135
28,10	200	117	267	216	165	94	260	135
28,12	201	117	267	216	165	94	260	134
28,13	201	117	267	216	165	94	258	134
28,15	201	117	267	216	164	94	258	134
28,16	201	117	267	216	164	94	258	134
28,18	201	117	267	216	164	94	258	134
28,19	201	117	267	216	164	83	258	134
28,21	201	117	267	216	164	83	258	134
28,22	201	117	267	216	164	83	257	134
28,24	201	117	267	216	164	83	257	134
28,25	201	117	267	216	164	83	257	180
28,26	201	117	267	216	164	83	257	180
28,28	201	117	267	216	164	83	257	180
28,29	201	117	267	216	164	83	257	180
28,31	201	117	267	216	164	81	257	180
28,32	201	117	267	216	164	81	257	180
28,34	201	117	267	216	164	81	318	180
28,35	201	117	267	216	164	81	318	180
28,37	201	117	267	216	164	81	318	287
28,38	201	117	267	216	164	81	318	287
28,40	201	117	267	216	164	81	318	287
28,41	201	117	267	216	164	81	318	287
28,43	201	117	267	216	164	122	318	287
28,44	201	117	267	216	164	122	432	287
28,46	201	117	267	216	164	122	432	287
28,47	201	117	267	216	164	122	432	287
28,49	201	117	267	216	188	122	432	287
28,50	201	117	267	216	188	122	432	315
28,51	201	117	267	216	188	122	432	315
28,53	201	117	267	214	188	233	432	315
28,54	201	117	267	214	188	233	425	315
28,56	201	115	267	214	188	233	425	315
28,57	201	115	267	214	188	233	425	315
28,59	201	115	267	214	188	233	425	315
28,60	201	115	267	214	386	233	425	315
28,62	200	115	267	214	386	233	425	315
28,63	200	115	267	214	386	233	425	100
28,65	200	115	267	250	386	362	340	100
28,66	200	115	267	250	386	362	340	100
28,68	200	115	267	250	386	362	340	100
28,69	200	108	267	250	386	362	340	100
28,71	200	108	268	250	393	362	340	100
28,72	200	108	268	250	393	362	340	100
28,74	200	108	268	250	393	362	340	100
28,75	200	108	268	250	393	145	241	95
28,76	200	108	268	389	393	145	241	95
28,78	200	108	268	389	393	145	241	95
28,79	200	108	268	389	393	145	241	95
28,81	200	138	268	389	393	145	241	95
28,82	200	138	289	389	276	145	241	95
28,84	200	138	289	389	276	145	241	95
28,85	200	138	289	389	276	145	171	95
28,87	211	138	289	389	276	92	171	97
28,88	211	138	289	405	276	92	171	97
28,90	211	138	289	405	276	92	171	97
28,91	211	138	289	405	276	92	171	97
28,93	211	261	289	405	276	92	171	97
28,94	211	261	369	405	123	92	171	97
28,96	211	261	369	405	123	92	171	97
28,97	211	261	369	405	123	94	200	97
28,99	389	261	369	405	123	94	200	97
29,00	389	261	369	238	123	94	200	97
29,02	389	261	369	238	123	94	200	97
29,03	389	261	369	238	123	94	200	97
29,05	389	261	369	238	162	94	200	97
29,06	389	258	298	238	162	94	200	97
29,08	389	258	298	238	162	94	214	97
29,10	389	258	298	238	162	95	214	97
29,11	389	258	298	238	162	95	214	97
29,13	312	258	298	214	162	95	214	97
29,14	312	258	298	214	162	95	214	97
29,16	312	258	298	214	162	95	214	97
29,17	312	258	298	214	163	95	214	97
29,19	312	92	241	214	163	95	220	97
29,21	312	92	241	214	163	95	220	97
29,22	312	92	241	214	163	95	220	97
29,24	312	92	241	214	163	95	220	97
29,25	275	92	241	204	163	95	220	97
29,27	275	92	241	204	163	95	220	98
29,29	275	92	241	204	163	95	220	98
29,30	275	92	241	204	163	95	220	98
29,32	275	92	241	204	163	95	220	98
29,33	275	87	242	204	163	95	220	98
29,35	275	87	242	204	163	95	220	98
29,37	275	87	242	204	163	95	220	98
29,38	275	87	242	204	163	95	220	98
29,40	302	87	242	210	163	95	220	98
29,41	302	87	242	210	157	95	200	98
29,43	302	87	242	210	157	95	200	98
29,44	302	87	242	210	157	95	200	98
29,46	302	231	290	210	157	94	200	98
29,48	302	231	290	210	157	94	200	98
29,49	302	231	290	210	157	94	200	98
29,51	302	231	290	210	157	94	200	98
29,52	329	231	290	316	157	94	167	98
29,54	329	231	290	316	152	94	167	98
29,56	329	231	290	316	152	94	167	98
29,57	329	231	290	316	152	90	167	98
29,59	329	231	286	316	152	90	167	98
29,60	329	158	286	316	152	90	167	98
29,62	329	158	286	316	152	90	167	98
29,63	329	158	286	316	152	90	207	98
29,65	329	158	286	354	152	90	207	98
29,67	198	158	286	354	343	90	207	93
29,68	198	158	286	354	343	90	207	93
29,70	198	158	286	354	343	269	207	93
29,71	198	158	267	354	343	269	207	93
29,73	198	108	267	354	343	269	207	93
29,75	198	108	267	354	343	269	402	93
29,76	198	108	267	354	343	269	402	93
29,78	198	108	267	212	343	269	402	93
29,79	199	108	267	212	284	269	402	93
29,81	199	108	267	212	284	174	402	293
29,83	199	108	267	212	284	174	402	293
29,84	199	108	267	212	284	174	402	293
29,86	199	108	267	212	284	174	402	293
29,87	199	116	267	212	284	174	348	293
29,89	199	116	267	212	284	174	348	293
29,90	199	116	267	215	163	174	348	293
29,92	199	116	267	215	163	174	348	293
29,94	199	116	267	215	163	76	348	206
29,95	199	116	267	215	163	76	348	206
29,97	199	116	267	215	163	76	348	206
29,98	199	116	267	215	163	76	246	206
